1.009363e-10 6.420599e-13 1.720186e-03 1.573076e-03
1.006254e-10 6.714682e-13 1.725081e-03 1.569182e-03
1.002973e-10 6.860971e-13 1.729020e-03 1.565261e-03
1.009353e-10 6.613401e-13 1.733402e-03 1.561377e-03
1.009595e-10 6.338750e-13 1.738618e-03 1.557631e-03
1.003638e-10 6.458407e-13 1.742921e-03 1.554043e-03
1.009985e-10 6.807776e-13 1.747110e-03 1.550653e-03
1.011825e-10 6.860541e-13 1.750787e-03 1.547500e-03
1.004181e-10 6.538168e-13 1.754782e-03 1.544702e-03
1.008115e-10 6.322247e-13 1.757765e-03 1.542274e-03
1.015194e-10 6.528274e-13 1.759925e-03 1.540219e-03
1.005307e-10 6.842303e-13 1.761936e-03 1.538598e-03
1.009418e-10 6.807283e-13 1.763084e-03 1.537423e-03
1.017619e-10 6.492806e-13 1.764753e-03 1.536750e-03
1.005097e-10 6.360730e-13 1.765454e-03 1.536558e-03
1.008525e-10 6.585983e-13 1.765851e-03 1.536822e-03
1.019568e-10 6.831964e-13 1.765653e-03 1.537540e-03
1.006508e-10 6.760435e-13 1.764810e-03 1.538708e-03
1.008138e-10 6.500238e-13 1.763613e-03 1.540326e-03
1.020003e-10 6.408295e-13 1.762059e-03 1.542384e-03
1.007716e-10 6.588252e-13 1.760513e-03 1.544896e-03
1.010722e-10 6.779456e-13 1.757611e-03 1.547754e-03
1.021099e-10 6.735149e-13 1.754129e-03 1.550926e-03
1.009553e-10 6.529464e-13 1.750554e-03 1.554410e-03
1.011337e-10 6.437315e-13 1.747918e-03 1.558126e-03
1.023366e-10 6.570680e-13 1.743361e-03 1.562043e-03
1.010282e-10 6.751229e-13 1.739361e-03 1.566111e-03
1.013801e-10 6.744620e-13 1.734870e-03 1.570260e-03
1.025392e-10 6.553284e-13 1.730578e-03 1.574433e-03
1.010921e-10 6.437702e-13 1.726002e-03 1.578530e-03
1.013072e-10 6.559207e-13 1.721251e-03 1.582536e-03
1.027177e-10 6.764783e-13 1.716402e-03 1.586409e-03
1.014868e-10 6.761581e-13 1.712863e-03 1.590079e-03
1.015150e-10 6.544423e-13 1.709600e-03 1.593520e-03
1.030404e-10 6.425596e-13 1.705634e-03 1.596660e-03
1.018525e-10 6.576055e-13 1.702974e-03 1.599437e-03
1.014570e-10 6.793914e-13 1.700580e-03 1.601832e-03
1.031634e-10 6.752336e-13 1.698174e-03 1.603821e-03
1.020677e-10 6.511867e-13 1.695682e-03 1.605370e-03
1.014257e-10 6.423153e-13 1.693924e-03 1.606447e-03
1.031823e-10 6.623871e-13 1.693158e-03 1.607057e-03
1.022988e-10 6.815776e-13 1.693118e-03 1.607163e-03
1.015067e-10 6.716467e-13 1.692618e-03 1.606765e-03
1.032832e-10 6.470768e-13 1.693084e-03 1.605889e-03
1.026672e-10 6.452582e-13 1.695208e-03 1.604566e-03
1.016477e-10 6.681474e-13 1.696846e-03 1.602815e-03
1.032810e-10 6.806553e-13 1.698882e-03 1.600633e-03
1.029677e-10 6.646307e-13 1.701795e-03 1.598041e-03
1.018949e-10 6.474602e-13 1.705653e-03 1.595115e-03
1.032673e-10 6.543422e-13 1.709809e-03 1.591844e-03
1.029359e-10 6.726174e-13 1.713849e-03 1.588282e-03
1.018185e-10 6.733802e-13 1.717849e-03 1.584516e-03
1.032054e-10 6.583771e-13 1.722976e-03 1.580598e-03
1.032146e-10 6.538675e-13 1.728011e-03 1.576583e-03
1.020760e-10 6.657024e-13 1.732681e-03 1.572553e-03
1.030384e-10 6.726747e-13 1.737225e-03 1.568546e-03
1.031836e-10 6.639641e-13 1.741478e-03 1.564636e-03
1.023331e-10 6.559741e-13 1.745143e-03 1.560847e-03
1.032985e-10 6.628705e-13 1.748288e-03 1.557247e-03
1.035111e-10 6.727558e-13 1.752721e-03 1.553871e-03
1.025711e-10 6.686562e-13 1.757029e-03 1.550734e-03
1.033353e-10 6.580882e-13 1.760299e-03 1.547943e-03
1.037237e-10 6.588491e-13 1.763195e-03 1.545548e-03
1.027536e-10 6.697333e-13 1.765390e-03 1.543556e-03
1.034417e-10 6.727929e-13 1.767632e-03 1.541996e-03
1.040275e-10 6.631224e-13 1.769092e-03 1.540891e-03
1.032831e-10 6.572434e-13 1.770608e-03 1.540267e-03
1.033949e-10 6.640138e-13 1.772093e-03 1.540184e-03
1.041373e-10 6.727400e-13 1.772788e-03 1.540599e-03
1.035723e-10 6.688950e-13 1.773639e-03 1.541518e-03
1.033566e-10 6.590285e-13 1.772896e-03 1.542936e-03
1.043035e-10 6.594929e-13 1.772291e-03 1.544841e-03
1.038266e-10 6.710078e-13 1.769098e-03 1.547208e-03
1.036210e-10 6.740900e-13 1.766526e-03 1.549952e-03
1.044780e-10 6.622884e-13 1.763859e-03 1.553082e-03
1.040853e-10 6.538076e-13 1.760391e-03 1.556516e-03
1.036203e-10 6.632835e-13 1.756789e-03 1.560236e-03
1.044795e-10 6.776593e-13 1.752894e-03 1.564174e-03
1.045528e-10 6.739876e-13 1.748570e-03 1.568292e-03
1.036241e-10 6.571685e-13 1.743729e-03 1.572548e-03
1.045800e-10 6.525733e-13 1.739676e-03 1.576850e-03
1.049197e-10 6.692918e-13 1.735328e-03 1.581117e-03
1.036600e-10 6.821018e-13 1.730910e-03 1.585322e-03
1.046418e-10 6.712633e-13 1.727162e-03 1.589378e-03
1.052700e-10 6.535440e-13 1.722844e-03 1.593254e-03
1.038871e-10 6.562896e-13 1.718751e-03 1.596907e-03
1.046437e-10 6.745345e-13 1.715030e-03 1.600317e-03
1.056056e-10 6.803078e-13 1.712239e-03 1.603404e-03
1.040261e-10 6.662943e-13 1.708185e-03 1.606112e-03
1.047080e-10 6.552376e-13 1.705361e-03 1.608440e-03
1.059510e-10 6.643879e-13 1.703279e-03 1.610341e-03
1.039007e-10 6.773457e-13 1.701560e-03 1.611765e-03
1.046755e-10 6.738987e-13 1.700898e-03 1.612717e-03
1.061785e-10 6.599902e-13 1.700303e-03 1.613198e-03
1.040452e-10 6.592163e-13 1.700308e-03 1.613215e-03
1.045398e-10 6.734364e-13 1.701715e-03 1.612759e-03
1.063541e-10 6.797510e-13 1.703096e-03 1.611819e-03
1.040140e-10 6.655576e-13 1.705158e-03 1.610436e-03
1.044385e-10 6.535424e-13 1.707570e-03 1.608650e-03
1.068176e-10 6.661127e-13 1.709487e-03 1.606459e-03
1.046409e-10 6.861242e-13 1.711492e-03 1.603908e-03
1.044556e-10 6.805586e-13 1.715808e-03 1.601017e-03
1.069170e-10 6.536849e-13 1.720180e-03 1.597874e-03
1.049972e-10 6.475653e-13 1.724216e-03 1.594468e-03
1.043899e-10 6.764259e-13 1.728995e-03 1.590863e-03
1.070434e-10 6.975777e-13 1.733644e-03 1.587138e-03
1.054115e-10 6.752572e-13 1.738217e-03 1.583313e-03
1.044492e-10 6.415020e-13 1.742083e-03 1.579453e-03
1.072365e-10 6.498015e-13 1.746078e-03 1.575607e-03
1.059136e-10 6.899960e-13 1.750401e-03 1.571843e-03
1.045686e-10 7.012587e-13 1.754565e-03 1.568231e-03
1.074737e-10 6.653946e-13 1.758641e-03 1.564795e-03
1.061857e-10 6.363998e-13 1.762687e-03 1.561611e-03
1.044914e-10 6.580715e-13 1.766161e-03 1.558716e-03
1.074096e-10 6.975910e-13 1.769924e-03 1.556181e-03
1.063548e-10 6.961401e-13 1.772306e-03 1.554030e-03
1.043907e-10 6.577666e-13 1.774644e-03 1.552297e-03
1.076194e-10 6.398348e-13 1.776724e-03 1.550990e-03
1.065237e-10 6.666136e-13 1.778043e-03 1.550136e-03
1.044899e-10 6.966368e-13 1.778799e-03 1.549746e-03
1.077066e-10 6.879028e-13 1.779466e-03 1.549855e-03
1.067916e-10 6.564700e-13 1.779864e-03 1.550454e-03
1.044408e-10 6.473261e-13 1.778919e-03 1.551549e-03
1.075560e-10 6.691550e-13 1.778211e-03 1.553110e-03
1.069757e-10 6.898973e-13 1.776776e-03 1.555114e-03
1.045708e-10 6.836843e-13 1.774779e-03 1.557532e-03
1.077380e-10 6.614157e-13 1.772031e-03 1.560335e-03
1.070021e-10 6.531837e-13 1.768983e-03 1.563507e-03
1.045997e-10 6.686972e-13 1.765700e-03 1.566943e-03
1.078915e-10 6.868846e-13 1.762647e-03 1.570645e-03
1.073361e-10 6.833269e-13 1.758802e-03 1.574568e-03
1.045506e-10 6.642572e-13 1.754667e-03 1.578662e-03
1.078610e-10 6.549126e-13 1.750333e-03 1.582839e-03
1.074551e-10 6.679514e-13 1.746482e-03 1.587070e-03
1.046198e-10 6.853311e-13 1.742516e-03 1.591279e-03
1.077854e-10 6.835361e-13 1.738794e-03 1.595407e-03
1.078230e-10 6.653449e-13 1.734041e-03 1.599426e-03
1.049050e-10 6.553457e-13 1.729640e-03 1.603273e-03
1.077757e-10 6.681524e-13 1.725599e-03 1.606870e-03
1.081462e-10 6.861601e-13 1.722131e-03 1.610166e-03
1.051201e-10 6.839757e-13 1.718151e-03 1.613109e-03
1.075662e-10 6.636873e-13 1.715545e-03 1.615665e-03
1.082166e-10 6.544203e-13 1.712788e-03 1.617829e-03
1.054675e-10 6.702419e-13 1.710567e-03 1.619556e-03
1.076890e-10 6.882769e-13 1.709178e-03 1.620818e-03
1.086855e-10 6.824630e-13 1.708392e-03 1.621600e-03
1.058572e-10 6.609013e-13 1.708005e-03 1.621876e-03
1.079273e-10 6.555546e-13 1.708515e-03 1.621668e-03
1.091115e-10 6.741958e-13 1.709309e-03 1.620977e-03
1.062540e-10 6.890780e-13 1.710094e-03 1.619822e-03
1.081101e-10 6.784563e-13 1.712628e-03 1.618231e-03
1.094465e-10 6.592726e-13 1.714838e-03 1.616208e-03
1.061939e-10 6.610928e-13 1.717677e-03 1.613778e-03
1.081426e-10 6.796572e-13 1.720940e-03 1.610986e-03
1.098389e-10 6.851082e-13 1.723905e-03 1.607847e-03
1.065504e-10 6.707142e-13 1.728729e-03 1.604421e-03
1.081263e-10 6.622857e-13 1.733009e-03 1.600776e-03
1.103196e-10 6.723401e-13 1.737222e-03 1.596949e-03
1.069040e-10 6.824536e-13 1.741712e-03 1.593005e-03
1.081550e-10 6.749296e-13 1.746040e-03 1.589008e-03
1.106206e-10 6.644656e-13 1.750468e-03 1.584997e-03
1.072245e-10 6.707489e-13 1.754711e-03 1.581062e-03
1.081439e-10 6.824293e-13 1.759354e-03 1.577192e-03
1.109130e-10 6.788795e-13 1.762993e-03 1.573479e-03
1.077580e-10 6.665222e-13 1.766361e-03 1.570002e-03
1.081361e-10 6.666270e-13 1.769875e-03 1.566779e-03
1.111446e-10 6.785848e-13 1.773638e-03 1.563848e-03
1.080613e-10 6.824483e-13 1.777648e-03 1.561269e-03
1.081086e-10 6.721906e-13 1.780493e-03 1.559095e-03
1.113365e-10 6.661405e-13 1.783456e-03 1.557312e-03
1.084350e-10 6.740472e-13 1.785229e-03 1.555999e-03
1.079323e-10 6.811219e-13 1.785822e-03 1.555142e-03
1.114942e-10 6.764041e-13 1.786802e-03 1.554773e-03
1.089144e-10 6.675326e-13 1.787214e-03 1.554868e-03
1.078778e-10 6.695066e-13 1.787452e-03 1.555444e-03
1.117659e-10 6.799309e-13 1.786840e-03 1.556485e-03
1.093548e-10 6.824898e-13 1.785321e-03 1.558011e-03
1.077946e-10 6.719867e-13 1.783794e-03 1.559983e-03
1.119903e-10 6.630215e-13 1.781086e-03 1.562352e-03
1.097256e-10 6.705436e-13 1.778605e-03 1.565120e-03
1.077000e-10 6.840511e-13 1.776315e-03 1.568221e-03
1.118581e-10 6.839874e-13 1.772480e-03 1.571629e-03
1.100561e-10 6.689065e-13 1.768416e-03 1.575305e-03
1.075876e-10 6.608347e-13 1.764802e-03 1.579192e-03
1.119428e-10 6.719225e-13 1.761167e-03 1.583232e-03
1.103481e-10 6.869931e-13 1.757321e-03 1.587386e-03
1.075047e-10 6.835032e-13 1.753094e-03 1.591581e-03
1.119757e-10 6.660091e-13 1.748645e-03 1.595751e-03
1.108227e-10 6.613121e-13 1.744420e-03 1.599841e-03
1.074351e-10 6.759170e-13 1.740427e-03 1.603788e-03
1.120347e-10 6.878198e-13 1.736766e-03 1.607550e-03
1.111388e-10 6.786588e-13 1.733312e-03 1.611095e-03
1.074703e-10 6.644175e-13 1.729925e-03 1.614369e-03
1.121875e-10 6.676726e-13 1.726198e-03 1.617310e-03
1.116176e-10 6.827199e-13 1.723681e-03 1.619889e-03
1.076469e-10 6.842257e-13 1.721566e-03 1.622086e-03
1.121651e-10 6.705218e-13 1.719137e-03 1.623875e-03
1.120475e-10 6.651246e-13 1.718308e-03 1.625206e-03
1.078707e-10 6.781364e-13 1.716845e-03 1.626068e-03
1.120671e-10 6.874409e-13 1.716136e-03 1.626481e-03
1.123637e-10 6.762367e-13 1.716081e-03 1.626440e-03
1.079529e-10 6.613736e-13 1.716496e-03 1.625897e-03
1.117593e-10 6.688645e-13 1.717800e-03 1.624899e-03
1.124697e-10 6.898733e-13 1.719161e-03 1.623465e-03
1.079852e-10 6.909948e-13 1.722344e-03 1.621622e-03
1.116629e-10 6.672429e-13 1.725270e-03 1.619399e-03
1.126506e-10 6.548043e-13 1.727935e-03 1.616801e-03
1.083094e-10 6.767439e-13 1.732086e-03 1.613910e-03
1.115686e-10 7.022975e-13 1.735497e-03 1.610729e-03
1.128747e-10 6.905710e-13 1.739483e-03 1.607286e-03
1.084870e-10 6.557992e-13 1.743495e-03 1.603638e-03
1.116986e-10 6.518344e-13 1.748368e-03 1.599869e-03
1.130414e-10 6.880645e-13 1.752584e-03 1.596016e-03
1.089684e-10 7.098602e-13 1.757187e-03 1.592127e-03
1.116637e-10 6.826415e-13 1.761138e-03 1.588234e-03
1.132836e-10 6.467965e-13 1.765546e-03 1.584444e-03
1.093500e-10 6.587747e-13 1.770051e-03 1.580794e-03
1.112140e-10 7.007895e-13 1.774362e-03 1.577327e-03
1.133083e-10 7.089550e-13 1.778505e-03 1.574115e-03
1.095319e-10 6.718215e-13 1.782184e-03 1.571220e-03
1.111172e-10 6.467522e-13 1.784567e-03 1.568682e-03
1.133613e-10 6.703554e-13 1.788085e-03 1.566524e-03
1.100550e-10 7.047881e-13 1.791180e-03 1.564791e-03
1.107859e-10 6.995200e-13 1.793224e-03 1.563498e-03
1.133531e-10 6.664904e-13 1.794088e-03 1.562648e-03
1.104988e-10 6.546483e-13 1.794634e-03 1.562289e-03
1.106990e-10 6.768446e-13 1.795786e-03 1.562458e-03
1.133677e-10 6.990574e-13 1.795193e-03 1.563138e-03
1.108161e-10 6.918587e-13 1.794156e-03 1.564333e-03
1.106360e-10 6.692239e-13 1.792771e-03 1.565995e-03
1.136946e-10 6.621897e-13 1.791070e-03 1.568111e-03
1.110879e-10 6.778885e-13 1.788490e-03 1.570678e-03
1.106969e-10 6.941256e-13 1.785864e-03 1.573645e-03
1.138145e-10 6.920852e-13 1.782040e-03 1.576939e-03
1.113354e-10 6.751903e-13 1.777826e-03 1.580517e-03
1.109930e-10 6.653161e-13 1.773390e-03 1.584341e-03
1.139391e-10 6.751917e-13 1.768883e-03 1.588328e-03
1.115735e-10 6.928588e-13 1.764865e-03 1.592436e-03
1.112041e-10 6.941640e-13 1.760206e-03 1.596606e-03
1.140064e-10 6.758970e-13 1.756297e-03 1.600787e-03
1.117304e-10 6.633380e-13 1.752153e-03 1.604914e-03
1.114769e-10 6.740505e-13 1.748603e-03 1.608924e-03
1.141961e-10 6.943044e-13 1.744406e-03 1.612753e-03
1.119498e-10 6.948458e-13 1.740477e-03 1.616335e-03
1.115018e-10 6.744853e-13 1.737445e-03 1.619650e-03
1.141566e-10 6.623904e-13 1.734590e-03 1.622629e-03
1.120195e-10 6.766597e-13 1.731229e-03 1.625264e-03
1.114146e-10 6.967694e-13 1.729414e-03 1.627536e-03
1.141536e-10 6.934824e-13 1.727603e-03 1.629379e-03
1.124139e-10 6.715460e-13 1.726006e-03 1.630798e-03
1.114451e-10 6.629754e-13 1.725212e-03 1.631776e-03
1.142074e-10 6.797579e-13 1.724714e-03 1.632287e-03
1.128942e-10 6.973794e-13 1.724935e-03 1.632328e-03
1.116290e-10 6.904889e-13 1.725071e-03 1.631896e-03
1.143650e-10 6.705966e-13 1.726077e-03 1.631008e-03
1.133357e-10 6.674485e-13 1.726932e-03 1.629665e-03
1.117479e-10 6.846978e-13 1.728469e-03 1.627914e-03
1.145265e-10 6.948351e-13 1.729724e-03 1.625757e-03
1.135850e-10 6.834196e-13 1.733235e-03 1.623227e-03
1.119282e-10 6.701604e-13 1.736155e-03 1.620394e-03
1.145874e-10 6.765207e-13 1.740007e-03 1.617266e-03
1.139356e-10 6.907340e-13 1.743520e-03 1.613916e-03
1.120815e-10 6.895242e-13 1.747908e-03 1.610351e-03
1.148386e-10 6.767864e-13 1.752309e-03 1.606648e-03
1.141616e-10 6.748705e-13 1.756235e-03 1.602859e-03
1.122010e-10 6.876695e-13 1.760995e-03 1.599032e-03
1.147980e-10 6.920779e-13 1.764904e-03 1.595233e-03
1.144268e-10 6.807152e-13 1.768858e-03 1.591505e-03
1.123008e-10 6.739665e-13 1.772820e-03 1.587917e-03
1.147374e-10 6.830049e-13 1.776889e-03 1.584488e-03
1.148256e-10 6.916365e-13 1.780741e-03 1.581258e-03
1.126451e-10 6.849325e-13 1.784541e-03 1.578310e-03
1.148446e-10 6.763477e-13 1.787827e-03 1.575681e-03
1.151358e-10 6.812384e-13 1.790857e-03 1.573416e-03
1.124614e-10 6.907744e-13 1.793652e-03 1.571551e-03
1.146812e-10 6.876760e-13 1.796032e-03 1.570080e-03
1.153787e-10 6.780835e-13 1.798473e-03 1.569070e-03
1.126587e-10 6.800636e-13 1.799541e-03 1.568548e-03
1.146702e-10 6.910408e-13 1.800271e-03 1.568487e-03
1.156768e-10 6.929556e-13 1.799575e-03 1.568934e-03
1.130273e-10 6.823328e-13 1.798633e-03 1.569829e-03
1.148325e-10 6.761089e-13 1.798709e-03 1.571191e-03
1.158483e-10 6.835902e-13 1.797547e-03 1.573001e-03
1.132950e-10 6.950935e-13 1.796225e-03 1.575223e-03
1.148225e-10 6.939325e-13 1.793699e-03 1.577841e-03
1.160435e-10 6.824246e-13 1.790596e-03 1.580805e-03
1.135224e-10 6.769279e-13 1.787084e-03 1.584086e-03
1.146856e-10 6.852977e-13 1.782932e-03 1.587620e-03
1.161060e-10 6.956171e-13 1.779501e-03 1.591350e-03
1.136168e-10 6.935538e-13 1.775653e-03 1.595227e-03
1.147145e-10 6.820836e-13 1.771279e-03 1.599195e-03
1.160942e-10 6.778230e-13 1.767140e-03 1.603196e-03
1.138770e-10 6.877538e-13 1.763098e-03 1.607195e-03
1.147217e-10 6.963880e-13 1.759225e-03 1.611123e-03
1.161902e-10 6.903600e-13 1.754559e-03 1.614924e-03
1.141008e-10 6.804210e-13 1.750815e-03 1.618544e-03
1.148639e-10 6.828117e-13 1.747115e-03 1.621926e-03
1.164510e-10 6.937097e-13 1.743934e-03 1.625046e-03
1.143999e-10 6.941424e-13 1.740765e-03 1.627893e-03
1.147850e-10 6.823632e-13 1.737953e-03 1.630403e-03
1.166004e-10 6.792299e-13 1.735168e-03 1.632534e-03
1.146789e-10 6.920980e-13 1.733067e-03 1.634235e-03
1.148356e-10 7.001098e-13 1.731428e-03 1.635535e-03
1.165878e-10 6.881566e-13 1.730753e-03 1.636397e-03
1.147871e-10 6.738748e-13 1.729808e-03 1.636837e-03
1.147483e-10 6.814405e-13 1.729770e-03 1.636810e-03
1.168868e-10 7.010762e-13 1.730126e-03 1.636331e-03
1.151702e-10 7.029644e-13 1.731360e-03 1.635390e-03
1.146874e-10 6.805455e-13 1.732524e-03 1.633982e-03
1.169293e-10 6.675081e-13 1.733661e-03 1.632126e-03
1.156216e-10 6.866797e-13 1.736515e-03 1.629874e-03
1.148327e-10 7.114932e-13 1.739463e-03 1.627267e-03
1.171082e-10 7.030135e-13 1.742581e-03 1.624316e-03
1.158601e-10 6.711358e-13 1.746722e-03 1.621074e-03
1.150625e-10 6.644478e-13 1.750703e-03 1.617581e-03
1.172214e-10 6.962758e-13 1.754990e-03 1.613929e-03
1.161713e-10 7.202020e-13 1.758888e-03 1.610138e-03
1.152474e-10 6.968288e-13 1.763519e-03 1.606257e-03
1.174011e-10 6.599984e-13 1.767678e-03 1.602332e-03
1.164415e-10 6.672355e-13 1.772428e-03 1.598433e-03
1.152920e-10 7.099692e-13 1.777398e-03 1.594630e-03
1.174349e-10 7.223175e-13 1.781557e-03 1.590975e-03
1.166484e-10 6.847859e-13 1.785704e-03 1.587479e-03
1.153292e-10 6.550436e-13 1.789568e-03 1.584269e-03
1.174370e-10 6.789561e-13 1.793039e-03 1.581355e-03
1.169112e-10 7.190136e-13 1.796360e-03 1.578840e-03
1.152742e-10 7.138612e-13 1.798704e-03 1.576727e-03
1.173443e-10 6.744855e-13 1.801060e-03 1.575041e-03
1.172601e-10 6.618811e-13 1.803130e-03 1.573795e-03
1.155919e-10 6.926578e-13 1.804856e-03 1.573019e-03
1.174951e-10 7.176522e-13 1.806047e-03 1.572711e-03
1.176653e-10 7.027555e-13 1.805667e-03 1.572918e-03
1.158935e-10 6.748873e-13 1.805528e-03 1.573626e-03
1.175862e-10 6.741573e-13 1.803756e-03 1.574811e-03
1.178880e-10 6.950675e-13 1.802181e-03 1.576457e-03
1.158873e-10 7.064237e-13 1.800607e-03 1.578534e-03
1.175605e-10 6.971493e-13 1.798554e-03 1.581012e-03
1.182379e-10 6.834505e-13 1.795795e-03 1.583860e-03
1.162113e-10 6.805697e-13 1.793189e-03 1.587045e-03
1.177300e-10 6.892734e-13 1.789586e-03 1.590508e-03
1.184834e-10 6.999915e-13 1.785669e-03 1.594210e-03
1.164959e-10 7.011361e-13 1.781847e-03 1.598086e-03
1.178235e-10 6.902472e-13 1.776941e-03 1.602085e-03
1.186057e-10 6.800910e-13 1.772799e-03 1.606123e-03
1.166360e-10 6.851083e-13 1.768842e-03 1.610183e-03
1.177398e-10 7.000608e-13 1.763907e-03 1.614203e-03
1.188273e-10 7.047701e-13 1.759940e-03 1.618121e-03
1.166508e-10 6.904800e-13 1.755773e-03 1.621881e-03
1.176460e-10 6.781662e-13 1.752465e-03 1.625422e-03
1.191495e-10 6.869289e-13 1.748764e-03 1.628706e-03
1.167102e-10 7.043712e-13 1.745619e-03 1.631686e-03
1.175907e-10 7.058270e-13 1.742726e-03 1.634308e-03
1.193683e-10 6.889198e-13 1.740399e-03 1.636553e-03
1.170452e-10 6.793970e-13 1.737868e-03 1.638376e-03
1.176885e-10 6.906807e-13 1.735795e-03 1.639777e-03
1.196801e-10 7.058495e-13 1.734350e-03 1.640740e-03
1.175119e-10 7.021863e-13 1.733505e-03 1.641202e-03
1.179401e-10 6.862081e-13 1.733679e-03 1.641246e-03
1.199562e-10 6.819568e-13 1.733746e-03 1.640810e-03
1.178025e-10 6.944879e-13 1.735303e-03 1.639917e-03
1.180528e-10 7.044723e-13 1.736795e-03 1.638571e-03
1.200584e-10 6.969959e-13 1.738713e-03 1.636832e-03
1.184344e-10 6.853678e-13 1.741674e-03 1.634688e-03
1.183305e-10 6.881905e-13 1.744115e-03 1.632180e-03
1.201740e-10 7.000446e-13 1.747261e-03 1.629336e-03
1.187097e-10 7.011013e-13 1.750729e-03 1.626176e-03
1.183806e-10 6.898449e-13 1.754299e-03 1.622773e-03
1.203108e-10 6.858636e-13 1.759610e-03 1.619181e-03
1.188975e-10 6.963141e-13 1.763171e-03 1.615450e-03
1.183623e-10 7.037405e-13 1.767249e-03 1.611643e-03
1.204025e-10 6.961606e-13 1.771574e-03 1.607817e-03
1.192968e-10 6.868595e-13 1.775499e-03 1.604011e-03
1.186295e-10 6.918696e-13 1.779268e-03 1.600283e-03
1.204969e-10 7.022882e-13 1.784167e-03 1.596648e-03
1.195532e-10 7.007298e-13 1.788242e-03 1.593201e-03
1.186790e-10 6.903264e-13 1.791981e-03 1.589969e-03
1.205924e-10 6.899169e-13 1.794982e-03 1.587042e-03
1.198685e-10 7.000512e-13 1.798515e-03 1.584462e-03
1.187244e-10 7.025992e-13 1.800990e-03 1.582253e-03
1.205363e-10 6.927296e-13 1.803399e-03 1.580418e-03
1.201817e-10 6.880857e-13 1.805571e-03 1.579031e-03
1.187063e-10 6.993159e-13 1.806291e-03 1.578097e-03
1.207706e-10 7.074416e-13 1.806621e-03 1.577631e-03
1.203850e-10 6.978233e-13 1.807302e-03 1.577615e-03
1.189330e-10 6.851482e-13 1.807421e-03 1.578068e-03
1.209775e-10 6.908967e-13 1.806749e-03 1.578952e-03
1.206276e-10 7.059530e-13 1.805800e-03 1.580304e-03
1.190258e-10 7.069140e-13 1.804017e-03 1.582081e-03
1.209875e-10 6.932373e-13 1.802412e-03 1.584289e-03
1.209287e-10 6.860209e-13 1.800852e-03 1.586864e-03
1.192472e-10 6.957490e-13 1.798137e-03 1.589790e-03
1.211871e-10 7.065006e-13 1.794224e-03 1.593015e-03
1.210768e-10 7.037108e-13 1.790487e-03 1.596471e-03
1.194635e-10 6.934245e-13 1.786489e-03 1.600130e-03
1.211751e-10 6.913513e-13 1.782505e-03 1.603913e-03
1.213536e-10 6.986093e-13 1.777842e-03 1.607765e-03
1.197349e-10 7.037023e-13 1.774089e-03 1.611624e-03
1.213530e-10 6.988869e-13 1.770487e-03 1.615474e-03
1.216285e-10 6.924597e-13 1.766691e-03 1.619248e-03
1.200049e-10 6.947692e-13 1.762783e-03 1.622889e-03
1.213686e-10 7.021630e-13 1.759158e-03 1.626345e-03
1.216404e-10 7.027767e-13 1.755467e-03 1.629589e-03
1.203142e-10 6.948045e-13 1.752912e-03 1.632604e-03
1.211451e-10 6.915782e-13 1.750217e-03 1.635329e-03
1.217310e-10 7.003111e-13 1.747879e-03 1.637742e-03
1.205701e-10 7.093592e-13 1.745601e-03 1.639783e-03
1.213522e-10 7.021585e-13 1.743886e-03 1.641439e-03
1.219570e-10 6.881726e-13 1.741624e-03 1.642680e-03
1.208283e-10 6.901481e-13 1.741142e-03 1.643470e-03
1.213105e-10 7.084732e-13 1.740223e-03 1.643839e-03
1.220822e-10 7.155820e-13 1.739804e-03 1.643766e-03
1.208857e-10 6.981680e-13 1.740464e-03 1.643273e-03
1.213308e-10 6.807911e-13 1.741641e-03 1.642343e-03
1.221559e-10 6.918711e-13 1.743358e-03 1.640991e-03
1.212544e-10 7.177839e-13 1.746094e-03 1.639243e-03
1.216578e-10 7.188773e-13 1.748029e-03 1.637150e-03
1.224456e-10 6.911467e-13 1.750361e-03 1.634702e-03
1.213397e-10 6.751702e-13 1.753442e-03 1.631949e-03
1.216502e-10 6.978606e-13 1.756876e-03 1.628967e-03
1.226954e-10 7.270336e-13 1.760826e-03 1.625765e-03
1.214003e-10 7.179924e-13 1.764569e-03 1.622393e-03
1.213942e-10 6.802102e-13 1.768732e-03 1.618885e-03
1.229033e-10 6.718333e-13 1.773562e-03 1.615278e-03
1.216632e-10 7.095303e-13 1.778434e-03 1.611650e-03
1.214687e-10 7.372831e-13 1.782580e-03 1.608048e-03
1.231625e-10 7.101901e-13 1.787208e-03 1.604483e-03
1.219373e-10 6.673952e-13 1.791052e-03 1.601051e-03
1.214051e-10 6.762665e-13 1.794996e-03 1.597849e-03
1.233297e-10 7.250240e-13 1.799084e-03 1.594872e-03
1.222097e-10 7.393296e-13 1.802019e-03 1.592179e-03
1.214022e-10 6.960352e-13 1.804585e-03 1.589825e-03
1.233903e-10 6.628031e-13 1.806576e-03 1.587844e-03
1.225809e-10 6.902668e-13 1.808488e-03 1.586253e-03
1.214154e-10 7.354113e-13 1.810033e-03 1.585060e-03
1.232015e-10 7.295760e-13 1.810127e-03 1.584320e-03
1.226774e-10 6.854518e-13 1.810570e-03 1.584018e-03
1.212928e-10 6.711757e-13 1.811303e-03 1.584184e-03
1.230753e-10 7.043372e-13 1.810825e-03 1.584803e-03
1.227392e-10 7.317772e-13 1.809717e-03 1.585855e-03
1.215818e-10 7.156955e-13 1.808151e-03 1.587318e-03
1.232537e-10 6.865174e-13 1.806863e-03 1.589195e-03
1.230209e-10 6.855744e-13 1.804840e-03 1.591451e-03
1.218260e-10 7.084990e-13 1.802671e-03 1.594042e-03
1.232586e-10 7.200231e-13 1.799867e-03 1.596955e-03
1.234025e-10 7.088037e-13 1.796915e-03 1.600135e-03
1.219828e-10 6.945890e-13 1.794444e-03 1.603544e-03
1.233143e-10 6.947026e-13 1.791408e-03 1.607147e-03
1.235302e-10 7.048681e-13 1.787692e-03 1.610885e-03
1.222776e-10 7.118663e-13 1.784160e-03 1.614675e-03
1.232179e-10 7.086222e-13 1.780162e-03 1.618499e-03
1.236359e-10 6.992516e-13 1.775942e-03 1.622297e-03
1.223500e-10 6.951543e-13 1.772291e-03 1.625994e-03
1.231369e-10 7.020687e-13 1.768765e-03 1.629550e-03
1.238657e-10 7.110335e-13 1.765175e-03 1.632969e-03
1.225312e-10 7.100862e-13 1.761514e-03 1.636168e-03
1.231739e-10 7.005961e-13 1.757993e-03 1.639107e-03
1.240767e-10 6.954016e-13 1.755600e-03 1.641745e-03
1.227658e-10 7.019234e-13 1.753073e-03 1.644043e-03
1.233039e-10 7.111870e-13 1.750243e-03 1.645959e-03
1.244517e-10 7.097190e-13 1.748752e-03 1.647480e-03
1.231298e-10 6.994997e-13 1.747121e-03 1.648583e-03
1.236772e-10 6.954357e-13 1.746072e-03 1.649241e-03
1.245997e-10 7.033796e-13 1.745868e-03 1.649420e-03
1.231525e-10 7.106594e-13 1.746024e-03 1.649149e-03
1.237719e-10 7.063439e-13 1.746696e-03 1.648435e-03
1.245965e-10 6.972216e-13 1.748218e-03 1.647295e-03
1.230571e-10 6.977664e-13 1.749952e-03 1.645777e-03
1.238310e-10 7.072343e-13 1.751997e-03 1.643858e-03
1.247408e-10 7.104344e-13 1.754574e-03 1.641557e-03
1.233790e-10 7.023275e-13 1.757396e-03 1.638953e-03
1.239419e-10 6.959646e-13 1.760649e-03 1.636055e-03
1.249933e-10 7.023024e-13 1.764413e-03 1.632927e-03
1.235550e-10 7.112527e-13 1.767952e-03 1.629621e-03
1.239203e-10 7.086444e-13 1.771760e-03 1.626175e-03
1.249884e-10 6.987183e-13 1.776631e-03 1.622592e-03
1.238007e-10 6.983523e-13 1.781655e-03 1.618962e-03
1.241376e-10 7.075078e-13 1.785915e-03 1.615342e-03
1.250819e-10 7.113072e-13 1.790445e-03 1.611765e-03
1.241643e-10 7.047240e-13 1.794785e-03 1.608320e-03
1.240437e-10 6.992397e-13 1.798802e-03 1.605069e-03
1.251228e-10 7.045162e-13 1.802094e-03 1.602025e-03
1.244525e-10 7.115729e-13 1.806143e-03 1.599273e-03
1.238246e-10 7.077376e-13 1.810095e-03 1.596847e-03
1.251665e-10 6.996912e-13 1.813043e-03 1.594761e-03
1.246655e-10 7.028266e-13 1.815314e-03 1.593043e-03
1.241545e-10 7.130391e-13 1.817422e-03 1.591724e-03
1.251837e-10 7.117670e-13 1.818530e-03 1.590827e-03
1.249306e-10 6.999537e-13 1.818762e-03 1.590388e-03
1.242191e-10 6.974092e-13 1.819268e-03 1.590373e-03
1.251301e-10 7.098291e-13 1.819081e-03 1.590819e-03
1.251607e-10 7.172266e-13 1.818432e-03 1.591735e-03
1.245553e-10 7.079000e-13 1.817556e-03 1.593091e-03
1.252045e-10 6.972957e-13 1.816033e-03 1.594872e-03
1.253393e-10 7.017176e-13 1.813665e-03 1.597016e-03
1.245249e-10 7.131420e-13 1.811321e-03 1.599535e-03
1.252528e-10 7.129579e-13 1.807986e-03 1.602351e-03
1.257488e-10 7.043010e-13 1.804907e-03 1.605430e-03
1.245575e-10 7.021696e-13 1.802187e-03 1.608719e-03
1.252324e-10 7.082970e-13 1.798341e-03 1.612201e-03
1.260463e-10 7.107970e-13 1.794347e-03 1.615815e-03
1.247424e-10 7.062251e-13 1.790052e-03 1.619489e-03
1.250448e-10 7.050232e-13 1.785887e-03 1.623198e-03
1.262569e-10 7.100492e-13 1.782681e-03 1.626878e-03
1.250191e-10 7.136089e-13 1.778771e-03 1.630474e-03
1.250742e-10 7.087467e-13 1.774881e-03 1.633935e-03
1.263958e-10 7.029508e-13 1.770991e-03 1.637223e-03
1.252929e-10 7.048454e-13 1.767795e-03 1.640276e-03
1.250809e-10 7.134855e-13 1.764135e-03 1.643064e-03
1.263836e-10 7.173125e-13 1.762015e-03 1.645557e-03
1.256098e-10 7.101184e-13 1.759455e-03 1.647723e-03
1.251652e-10 7.002283e-13 1.757442e-03 1.649531e-03
1.263980e-10 7.021323e-13 1.755383e-03 1.650950e-03
1.258085e-10 7.163505e-13 1.754565e-03 1.651978e-03
1.252097e-10 7.231375e-13 1.753720e-03 1.652592e-03
1.264579e-10 7.104471e-13 1.753376e-03 1.652801e-03
1.260714e-10 6.947930e-13 1.753899e-03 1.652597e-03
1.251613e-10 7.013067e-13 1.754724e-03 1.652003e-03
1.266399e-10 7.221788e-13 1.755428e-03 1.651001e-03
1.261601e-10 7.263623e-13 1.757301e-03 1.649587e-03
1.251032e-10 7.048918e-13 1.759352e-03 1.647796e-03
1.265696e-10 6.895215e-13 1.761754e-03 1.645654e-03
1.263467e-10 7.051745e-13 1.764919e-03 1.643185e-03
1.251942e-10 7.312052e-13 1.767817e-03 1.640461e-03
1.267003e-10 7.272324e-13 1.771022e-03 1.637488e-03
1.265198e-10 6.968369e-13 1.774624e-03 1.634305e-03
1.251552e-10 6.848128e-13 1.778481e-03 1.630962e-03
1.268362e-10 7.131202e-13 1.781855e-03 1.627499e-03
1.266498e-10 7.419562e-13 1.785496e-03 1.624002e-03
1.251694e-10 7.250585e-13 1.787821e-03 1.620489e-03
1.267136e-10 6.842877e-13 1.792310e-03 1.616999e-03
1.267287e-10 6.819300e-13 1.796706e-03 1.613596e-03
1.253073e-10 7.268620e-13 1.799827e-03 1.610324e-03
1.268428e-10 7.515749e-13 1.803013e-03 1.607236e-03
1.269329e-10 7.166095e-13 1.806176e-03 1.604379e-03
1.256439e-10 6.736063e-13 1.809761e-03 1.601806e-03
1.268835e-10 6.900701e-13 1.812364e-03 1.599544e-03
1.269190e-10 7.419701e-13 1.814720e-03 1.597628e-03
1.256025e-10 7.488008e-13 1.816677e-03 1.596081e-03
1.268264e-10 7.009349e-13 1.818102e-03 1.594919e-03
1.269412e-10 6.735317e-13 1.818899e-03 1.594158e-03
1.259517e-10 7.070981e-13 1.819048e-03 1.593834e-03
1.270538e-10 7.464884e-13 1.818423e-03 1.593934e-03
1.270643e-10 7.340612e-13 1.818107e-03 1.594469e-03
1.260711e-10 6.941872e-13 1.817565e-03 1.595434e-03
1.272048e-10 6.888893e-13 1.815795e-03 1.596790e-03
1.272801e-10 7.196903e-13 1.814332e-03 1.598530e-03
1.262863e-10 7.364620e-13 1.813188e-03 1.600635e-03
1.274086e-10 7.188017e-13 1.810359e-03 1.603065e-03
1.274227e-10 6.993224e-13 1.807554e-03 1.605781e-03
1.263173e-10 7.050329e-13 1.804738e-03 1.608767e-03
1.275273e-10 7.214048e-13 1.802099e-03 1.611977e-03
1.275959e-10 7.243483e-13 1.798899e-03 1.615381e-03
1.266543e-10 7.148609e-13 1.795171e-03 1.618903e-03
1.278058e-10 7.089776e-13 1.791284e-03 1.622461e-03
1.277648e-10 7.113583e-13 1.787076e-03 1.626034e-03
1.268901e-10 7.169046e-13 1.782931e-03 1.629558e-03
1.278023e-10 7.189569e-13 1.779023e-03 1.633032e-03
1.276646e-10 7.173453e-13 1.775336e-03 1.636349e-03
1.270156e-10 7.135529e-13 1.771831e-03 1.639471e-03
1.277922e-10 7.119072e-13 1.768806e-03 1.642382e-03
1.279898e-10 7.149326e-13 1.765441e-03 1.645046e-03
1.271502e-10 7.192369e-13 1.762541e-03 1.647391e-03
1.279675e-10 7.194128e-13 1.760898e-03 1.649424e-03
1.280782e-10 7.150588e-13 1.759274e-03 1.651095e-03
1.272660e-10 7.124898e-13 1.758016e-03 1.652409e-03
1.278932e-10 7.156383e-13 1.756331e-03 1.653339e-03
1.281997e-10 7.206888e-13 1.755692e-03 1.653866e-03
1.274734e-10 7.200483e-13 1.756240e-03 1.654014e-03
1.279170e-10 7.149826e-13 1.756554e-03 1.653732e-03
1.283896e-10 7.132813e-13 1.757089e-03 1.653036e-03
1.277947e-10 7.178689e-13 1.758553e-03 1.651926e-03
1.280813e-10 7.206809e-13 1.759234e-03 1.650451e-03
1.285619e-10 7.168054e-13 1.761363e-03 1.648616e-03
1.280971e-10 7.127280e-13 1.764624e-03 1.646431e-03
1.280988e-10 7.154078e-13 1.767458e-03 1.643930e-03
1.285845e-10 7.205229e-13 1.770452e-03 1.641164e-03
1.284780e-10 7.197612e-13 1.773339e-03 1.638142e-03
1.284902e-10 7.150370e-13 1.776872e-03 1.634909e-03
1.285827e-10 7.141146e-13 1.780663e-03 1.631526e-03
1.288369e-10 7.189340e-13 1.784734e-03 1.628070e-03
1.287760e-10 7.216157e-13 1.789062e-03 1.624581e-03
1.285192e-10 7.171824e-13 1.793222e-03 1.621090e-03
1.287932e-10 7.142654e-13 1.797821e-03 1.617646e-03
1.288178e-10 7.186696e-13 1.802249e-03 1.614327e-03
1.288839e-10 7.233676e-13 1.806365e-03 1.611178e-03
1.291667e-10 7.193812e-13 1.809864e-03 1.608225e-03
1.288571e-10 7.125009e-13 1.812165e-03 1.605556e-03
1.289194e-10 7.150115e-13 1.814412e-03 1.603182e-03
1.292778e-10 7.251398e-13 1.817457e-03 1.601138e-03
1.290067e-10 7.277052e-13 1.819709e-03 1.599487e-03
1.291032e-10 7.166569e-13 1.822031e-03 1.598218e-03
1.295407e-10 7.075090e-13 1.823634e-03 1.597324e-03
1.293388e-10 7.155058e-13 1.824813e-03 1.596850e-03
1.292339e-10 7.299412e-13 1.825273e-03 1.596802e-03
1.296123e-10 7.290187e-13 1.825331e-03 1.597177e-03
1.292588e-10 7.142176e-13 1.825436e-03 1.597991e-03
1.291086e-10 7.086160e-13 1.824341e-03 1.599195e-03
1.296883e-10 7.190786e-13 1.822507e-03 1.600788e-03
1.291582e-10 7.284615e-13 1.820067e-03 1.602734e-03
1.289457e-10 7.238130e-13 1.818183e-03 1.605021e-03
1.295578e-10 7.145097e-13 1.815986e-03 1.607631e-03
1.292142e-10 7.151003e-13 1.812547e-03 1.610534e-03
1.291761e-10 7.220757e-13 1.809575e-03 1.613634e-03
1.295958e-10 7.233200e-13 1.805909e-03 1.616933e-03
1.293864e-10 7.190792e-13 1.802036e-03 1.620365e-03
1.293350e-10 7.193500e-13 1.798528e-03 1.623902e-03
1.298670e-10 7.229426e-13 1.794580e-03 1.627493e-03
1.294954e-10 7.228201e-13 1.790489e-03 1.631099e-03
1.294166e-10 7.178083e-13 1.786101e-03 1.634633e-03
1.302047e-10 7.169197e-13 1.782613e-03 1.638050e-03
1.298799e-10 7.231624e-13 1.779538e-03 1.641331e-03
1.296618e-10 7.283349e-13 1.776312e-03 1.644418e-03
1.303046e-10 7.231613e-13 1.773048e-03 1.647282e-03
1.301610e-10 7.135963e-13 1.769996e-03 1.649879e-03
1.297978e-10 7.151971e-13 1.768006e-03 1.652176e-03
1.302744e-10 7.275344e-13 1.765684e-03 1.654178e-03
1.302767e-10 7.332280e-13 1.764156e-03 1.655826e-03
1.299477e-10 7.205458e-13 1.762433e-03 1.657103e-03
1.303488e-10 7.078713e-13 1.761429e-03 1.657994e-03
1.304920e-10 7.158356e-13 1.760776e-03 1.658462e-03
1.299575e-10 7.351150e-13 1.760239e-03 1.658524e-03
1.303582e-10 7.358772e-13 1.761049e-03 1.658183e-03
1.307469e-10 7.146776e-13 1.762021e-03 1.657435e-03
1.301422e-10 7.030843e-13 1.763035e-03 1.656315e-03
1.303907e-10 7.214593e-13 1.765487e-03 1.654812e-03
1.308397e-10 7.439799e-13 1.767890e-03 1.652939e-03
1.301762e-10 7.349363e-13 1.770695e-03 1.650729e-03
1.303992e-10 7.057117e-13 1.773487e-03 1.648241e-03
1.311299e-10 7.002727e-13 1.777194e-03 1.645485e-03
1.302750e-10 7.291760e-13 1.781092e-03 1.642520e-03
1.305854e-10 7.507282e-13 1.785182e-03 1.639370e-03
1.314958e-10 7.321706e-13 1.789096e-03 1.636109e-03
1.305939e-10 6.976488e-13 1.793255e-03 1.632772e-03
1.307548e-10 6.981532e-13 1.797060e-03 1.629408e-03
1.316693e-10 7.350807e-13 1.800877e-03 1.626059e-03
1.308510e-10 7.565262e-13 1.805003e-03 1.622790e-03
1.308651e-10 7.280214e-13 1.808537e-03 1.619652e-03
1.317119e-10 6.899529e-13 1.811384e-03 1.616683e-03
1.310601e-10 6.991576e-13 1.814385e-03 1.613900e-03
1.309918e-10 7.446006e-13 1.817618e-03 1.611375e-03
1.316410e-10 7.590569e-13 1.820686e-03 1.609169e-03
1.310514e-10 7.191699e-13 1.822887e-03 1.607298e-03
1.313293e-10 6.853348e-13 1.824705e-03 1.605790e-03
1.320131e-10 7.087002e-13 1.825573e-03 1.604645e-03
1.311974e-10 7.534276e-13 1.826761e-03 1.603903e-03
1.313845e-10 7.508826e-13 1.827583e-03 1.603605e-03
1.321040e-10 7.080107e-13 1.827172e-03 1.603738e-03
1.314846e-10 6.916332e-13 1.826707e-03 1.604312e-03
1.316274e-10 7.240847e-13 1.825568e-03 1.605290e-03
1.320778e-10 7.518814e-13 1.824959e-03 1.606673e-03
1.315309e-10 7.345597e-13 1.822970e-03 1.608425e-03
1.318879e-10 7.037640e-13 1.820595e-03 1.610538e-03
1.322298e-10 7.066779e-13 1.818101e-03 1.612948e-03
1.317609e-10 7.335104e-13 1.816014e-03 1.615628e-03
1.319950e-10 7.412088e-13 1.812750e-03 1.618533e-03
1.324175e-10 7.226648e-13 1.809533e-03 1.621628e-03
1.319587e-10 7.097655e-13 1.806306e-03 1.624872e-03
1.320777e-10 7.196537e-13 1.803470e-03 1.628228e-03
1.327578e-10 7.330706e-13 1.799841e-03 1.631657e-03
1.320087e-10 7.304578e-13 1.796532e-03 1.635103e-03
1.319347e-10 7.204333e-13 1.793082e-03 1.638514e-03
1.330326e-10 7.189670e-13 1.789492e-03 1.641854e-03
1.322239e-10 7.250218e-13 1.786604e-03 1.645055e-03
1.320710e-10 7.275186e-13 1.783545e-03 1.648084e-03
1.334732e-10 7.256301e-13 1.780607e-03 1.650886e-03
1.325594e-10 7.241912e-13 1.777887e-03 1.653424e-03
1.318959e-10 7.243258e-13 1.775583e-03 1.655680e-03
1.333783e-10 7.243188e-13 1.773853e-03 1.657637e-03
1.325950e-10 7.244161e-13 1.772082e-03 1.659285e-03
1.317803e-10 7.258866e-13 1.770277e-03 1.660576e-03
1.333238e-10 7.269794e-13 1.768982e-03 1.661486e-03
1.328598e-10 7.255567e-13 1.768265e-03 1.661984e-03
1.315989e-10 7.233367e-13 1.768454e-03 1.662100e-03
1.332167e-10 7.242921e-13 1.768694e-03 1.661821e-03
1.330919e-10 7.265404e-13 1.769680e-03 1.661143e-03
1.316935e-10 7.268855e-13 1.770716e-03 1.660096e-03
1.332538e-10 7.247049e-13 1.772303e-03 1.658696e-03
1.332483e-10 7.241910e-13 1.774269e-03 1.656949e-03
1.318974e-10 7.262805e-13 1.776337e-03 1.654871e-03
1.335371e-10 7.271631e-13 1.778670e-03 1.652531e-03
1.337453e-10 7.249507e-13 1.781953e-03 1.649961e-03
1.324594e-10 7.242245e-13 1.785204e-03 1.647165e-03
1.335390e-10 7.269519e-13 1.788950e-03 1.644175e-03
1.339662e-10 7.290839e-13 1.792748e-03 1.641058e-03
1.325430e-10 7.262170e-13 1.796515e-03 1.637879e-03
1.334462e-10 7.228758e-13 1.800747e-03 1.634667e-03
1.342512e-10 7.256831e-13 1.804431e-03 1.631474e-03
1.327723e-10 7.308227e-13 1.808219e-03 1.628365e-03
1.335667e-10 7.290462e-13 1.811689e-03 1.625367e-03
1.344648e-10 7.222058e-13 1.815115e-03 1.622536e-03
1.329697e-10 7.213359e-13 1.818272e-03 1.619907e-03
1.335787e-10 7.302960e-13 1.820884e-03 1.617530e-03
1.345109e-10 7.353938e-13 1.823704e-03 1.615425e-03
1.331512e-10 7.282321e-13 1.826462e-03 1.613635e-03
1.335438e-10 7.176832e-13 1.828081e-03 1.612186e-03
1.346922e-10 7.202314e-13 1.829007e-03 1.611089e-03
1.331829e-10 7.332083e-13 1.830307e-03 1.610355e-03
1.336104e-10 7.375218e-13 1.830765e-03 1.609977e-03
1.348584e-10 7.273575e-13 1.831441e-03 1.609957e-03
1.335510e-10 7.177619e-13 1.831013e-03 1.610321e-03
1.335311e-10 7.233033e-13 1.830479e-03 1.611060e-03
1.349785e-10 7.347042e-13 1.829821e-03 1.612164e-03
1.338464e-10 7.351586e-13 1.828324e-03 1.613613e-03
1.335278e-10 7.254795e-13 1.826498e-03 1.615387e-03
1.350398e-10 7.211169e-13 1.824292e-03 1.617483e-03
1.341616e-10 7.281460e-13 1.822655e-03 1.619850e-03
1.336740e-10 7.334422e-13 1.820568e-03 1.622449e-03
1.353867e-10 7.293932e-13 1.817724e-03 1.625237e-03
1.344508e-10 7.244220e-13 1.814234e-03 1.628187e-03
1.339017e-10 7.281058e-13 1.811470e-03 1.631252e-03
1.354979e-10 7.332480e-13 1.807825e-03 1.634404e-03
1.345475e-10 7.302126e-13 1.804529e-03 1.637557e-03
1.340865e-10 7.240510e-13 1.801174e-03 1.640704e-03
1.356038e-10 7.258155e-13 1.797899e-03 1.643792e-03
1.345863e-10 7.342980e-13 1.794547e-03 1.646791e-03
1.343035e-10 7.347001e-13 1.790921e-03 1.649676e-03
1.358049e-10 7.258990e-13 1.787992e-03 1.652406e-03
1.349542e-10 7.211263e-13 1.784894e-03 1.654906e-03
1.347890e-10 7.303432e-13 1.782487e-03 1.657176e-03
1.359094e-10 7.396375e-13 1.779639e-03 1.659152e-03
1.350379e-10 7.341059e-13 1.777836e-03 1.660807e-03
1.349574e-10 7.198820e-13 1.776746e-03 1.662149e-03
1.361593e-10 7.201553e-13 1.775221e-03 1.663179e-03
1.351710e-10 7.371089e-13 1.773775e-03 1.663851e-03
1.348302e-10 7.447707e-13 1.773602e-03 1.664156e-03
1.361595e-10 7.278835e-13 1.773211e-03 1.664104e-03
1.352663e-10 7.110339e-13 1.773660e-03 1.663680e-03
1.350359e-10 7.233289e-13 1.774394e-03 1.662870e-03
1.361598e-10 7.480521e-13 1.775859e-03 1.661720e-03
1.352563e-10 7.464179e-13 1.777644e-03 1.660248e-03
1.353043e-10 7.174829e-13 1.779815e-03 1.658453e-03
1.363594e-10 7.059381e-13 1.781918e-03 1.656357e-03
1.354988e-10 7.314946e-13 1.784795e-03 1.653990e-03
1.353601e-10 7.569370e-13 1.788777e-03 1.651398e-03
1.366747e-10 7.426964e-13 1.792012e-03 1.648637e-03
1.356465e-10 7.085440e-13 1.795946e-03 1.645722e-03
1.353882e-10 7.050159e-13 1.799059e-03 1.642713e-03
1.365543e-10 7.385383e-13 1.802743e-03 1.639662e-03
1.359897e-10 7.604468e-13 1.806482e-03 1.636595e-03
1.355231e-10 7.379244e-13 1.810437e-03 1.633582e-03
1.366672e-10 7.027921e-13 1.813324e-03 1.630661e-03
1.360381e-10 7.060901e-13 1.817333e-03 1.627864e-03
1.356038e-10 7.446075e-13 1.819920e-03 1.625236e-03
1.368386e-10 7.620680e-13 1.822790e-03 1.622785e-03
1.361826e-10 7.319425e-13 1.825354e-03 1.620561e-03
1.355191e-10 6.973427e-13 1.827543e-03 1.618590e-03
1.369885e-10 7.106410e-13 1.829729e-03 1.616901e-03
1.366235e-10 7.525841e-13 1.831536e-03 1.615525e-03
1.355306e-10 7.601695e-13 1.833072e-03 1.614509e-03
1.368317e-10 7.215579e-13 1.834208e-03 1.613879e-03
1.367576e-10 6.969615e-13 1.834814e-03 1.613610e-03
1.356640e-10 7.238095e-13 1.835096e-03 1.613740e-03
1.367329e-10 7.585730e-13 1.834506e-03 1.614254e-03
1.369570e-10 7.479780e-13 1.833733e-03 1.615129e-03
1.356334e-10 7.118966e-13 1.832399e-03 1.616364e-03
1.365940e-10 7.074874e-13 1.830343e-03 1.617937e-03
1.368697e-10 7.381211e-13 1.828928e-03 1.619838e-03
1.356065e-10 7.543027e-13 1.826598e-03 1.622042e-03
1.365348e-10 7.331390e-13 1.823888e-03 1.624532e-03
1.368709e-10 7.126090e-13 1.821373e-03 1.627219e-03
1.357552e-10 7.225170e-13 1.818313e-03 1.630096e-03
1.365293e-10 7.426861e-13 1.815194e-03 1.633113e-03
1.370047e-10 7.423069e-13 1.812541e-03 1.636252e-03
1.360370e-10 7.263006e-13 1.808787e-03 1.639445e-03
1.364955e-10 7.218333e-13 1.805128e-03 1.642646e-03
1.371167e-10 7.313215e-13 1.801521e-03 1.645791e-03
1.361023e-10 7.376962e-13 1.798993e-03 1.648871e-03
1.363229e-10 7.337323e-13 1.795893e-03 1.651849e-03
1.372393e-10 7.296281e-13 1.793179e-03 1.654651e-03
1.360664e-10 7.307035e-13 1.790748e-03 1.657258e-03
1.362784e-10 7.322925e-13 1.788589e-03 1.659637e-03
1.372120e-10 7.314953e-13 1.785875e-03 1.661756e-03
1.363385e-10 7.311343e-13 1.783767e-03 1.663565e-03
1.366025e-10 7.334131e-13 1.782552e-03 1.665062e-03
1.373983e-10 7.331038e-13 1.781644e-03 1.666239e-03
1.363658e-10 7.312396e-13 1.780035e-03 1.667084e-03
1.368256e-10 7.303412e-13 1.779126e-03 1.667549e-03
1.377718e-10 7.323278e-13 1.779060e-03 1.667644e-03
1.365087e-10 7.338609e-13 1.779477e-03 1.667382e-03
1.369278e-10 7.319910e-13 1.780420e-03 1.666767e-03
1.378950e-10 7.304062e-13 1.780692e-03 1.665794e-03
1.366607e-10 7.320776e-13 1.781939e-03 1.664477e-03
1.371004e-10 7.345088e-13 1.784152e-03 1.662860e-03
1.380369e-10 7.330202e-13 1.786105e-03 1.660966e-03
1.369233e-10 7.306055e-13 1.787974e-03 1.658822e-03
1.371982e-10 7.326075e-13 1.790270e-03 1.656431e-03
1.381636e-10 7.359079e-13 1.793049e-03 1.653862e-03
1.370962e-10 7.342307e-13 1.795831e-03 1.651115e-03
1.375043e-10 7.295055e-13 1.798915e-03 1.648260e-03
1.384533e-10 7.313569e-13 1.802134e-03 1.645300e-03
1.370013e-10 7.382831e-13 1.806118e-03 1.642280e-03
1.374244e-10 7.384561e-13 1.809559e-03 1.639224e-03
1.385788e-10 7.298248e-13 1.812643e-03 1.636206e-03
1.371644e-10 7.263687e-13 1.816257e-03 1.633294e-03
1.374835e-10 7.353722e-13 1.819413e-03 1.630504e-03
1.385765e-10 7.442783e-13 1.822678e-03 1.627862e-03
1.372627e-10 7.386705e-13 1.826100e-03 1.625408e-03
1.375527e-10 7.255728e-13 1.829393e-03 1.623201e-03
1.386549e-10 7.254382e-13 1.831737e-03 1.621285e-03
1.375412e-10 7.390447e-13 1.833886e-03 1.619667e-03
1.376383e-10 7.454931e-13 1.835862e-03 1.618365e-03
1.387361e-10 7.357056e-13 1.837776e-03 1.617390e-03
1.376963e-10 7.251074e-13 1.838777e-03 1.616770e-03
1.378628e-10 7.294979e-13 1.838497e-03 1.616523e-03
1.388462e-10 7.411619e-13 1.838135e-03 1.616658e-03
1.379053e-10 7.424790e-13 1.837463e-03 1.617179e-03
1.381482e-10 7.323930e-13 1.836513e-03 1.618066e-03
1.390463e-10 7.274179e-13 1.835152e-03 1.619288e-03
1.382588e-10 7.338557e-13 1.834248e-03 1.620844e-03
1.383600e-10 7.408912e-13 1.832511e-03 1.622695e-03
1.391293e-10 7.362719e-13 1.830355e-03 1.624826e-03
1.385149e-10 7.295342e-13 1.827642e-03 1.627204e-03
1.386768e-10 7.326829e-13 1.824971e-03 1.629821e-03
1.393553e-10 7.406555e-13 1.821735e-03 1.632630e-03
1.386085e-10 7.395879e-13 1.818936e-03 1.635562e-03
1.389407e-10 7.304942e-13 1.815621e-03 1.638606e-03
1.396583e-10 7.294374e-13 1.812139e-03 1.641708e-03
1.386482e-10 7.391676e-13 1.808826e-03 1.644810e-03
1.389327e-10 7.444686e-13 1.805609e-03 1.647907e-03
1.397008e-10 7.354704e-13 1.802067e-03 1.650941e-03
1.388258e-10 7.262201e-13 1.799103e-03 1.653853e-03
1.390252e-10 7.328689e-13 1.795882e-03 1.656582e-03
1.398590e-10 7.465357e-13 1.793177e-03 1.659127e-03
1.388400e-10 7.443997e-13 1.790179e-03 1.661424e-03
1.389102e-10 7.281085e-13 1.787275e-03 1.663454e-03
1.398984e-10 7.246266e-13 1.785962e-03 1.665191e-03
1.387693e-10 7.418127e-13 1.784306e-03 1.666660e-03
1.390908e-10 7.533799e-13 1.783362e-03 1.667785e-03
1.397638e-10 7.379492e-13 1.782763e-03 1.668578e-03
1.387804e-10 7.180377e-13 1.782460e-03 1.669021e-03
1.390349e-10 7.269733e-13 1.782541e-03 1.669120e-03
1.396760e-10 7.545308e-13 1.783306e-03 1.668868e-03
1.387536e-10 7.571811e-13 1.783316e-03 1.668259e-03
1.392334e-10 7.280752e-13 1.784418e-03 1.667313e-03
1.398382e-10 7.114291e-13 1.785557e-03 1.666077e-03
1.388303e-10 7.358170e-13 1.787013e-03 1.664555e-03
1.394533e-10 7.661419e-13 1.788267e-03 1.662729e-03
1.399891e-10 7.538900e-13 1.790787e-03 1.660631e-03
1.390154e-10 7.153444e-13 1.793435e-03 1.658295e-03
1.396998e-10 7.100248e-13 1.796407e-03 1.655779e-03
1.400765e-10 7.483821e-13 1.799116e-03 1.653074e-03
1.389663e-10 7.726467e-13 1.802091e-03 1.650235e-03
1.396908e-10 7.461426e-13 1.805361e-03 1.647316e-03
1.403174e-10 7.078955e-13 1.808888e-03 1.644355e-03
1.389398e-10 7.149398e-13 1.812507e-03 1.641393e-03
1.398444e-10 7.575953e-13 1.815870e-03 1.638461e-03
1.405724e-10 7.736730e-13 1.818251e-03 1.635613e-03
1.389592e-10 7.392911e-13 1.821346e-03 1.632875e-03
1.399197e-10 7.048246e-13 1.824079e-03 1.630283e-03
1.406788e-10 7.206542e-13 1.826774e-03 1.627886e-03
1.388561e-10 7.647521e-13 1.829452e-03 1.625735e-03
1.398205e-10 7.723974e-13 1.832284e-03 1.623861e-03
1.408678e-10 7.319536e-13 1.834543e-03 1.622295e-03
1.391109e-10 7.027964e-13 1.836221e-03 1.621068e-03
1.399099e-10 7.288459e-13 1.837540e-03 1.620169e-03
1.411647e-10 7.712951e-13 1.838462e-03 1.619625e-03
1.394232e-10 7.653253e-13 1.838998e-03 1.619430e-03
1.400141e-10 7.216453e-13 1.839219e-03 1.619593e-03
1.412359e-10 7.071477e-13 1.839074e-03 1.620116e-03
1.396544e-10 7.428565e-13 1.837917e-03 1.621011e-03
1.400594e-10 7.714784e-13 1.836810e-03 1.622250e-03
1.411671e-10 7.509845e-13 1.835609e-03 1.623849e-03
1.397234e-10 7.162864e-13 1.833401e-03 1.625767e-03
1.398792e-10 7.198830e-13 1.831232e-03 1.627963e-03
1.412322e-10 7.510182e-13 1.829073e-03 1.630425e-03
1.399301e-10 7.604003e-13 1.826565e-03 1.633108e-03
1.401630e-10 7.391723e-13 1.823791e-03 1.635988e-03
1.413694e-10 7.227021e-13 1.820497e-03 1.638999e-03
1.401008e-10 7.327674e-13 1.817071e-03 1.642100e-03
1.404571e-10 7.491008e-13 1.814547e-03 1.645256e-03
1.416417e-10 7.497352e-13 1.811125e-03 1.648434e-03
1.405071e-10 7.383781e-13 1.808278e-03 1.651581e-03
1.406666e-10 7.324104e-13 1.805500e-03 1.654623e-03
1.417555e-10 7.364123e-13 1.802213e-03 1.657513e-03
1.407460e-10 7.422110e-13 1.799667e-03 1.660224e-03
1.409371e-10 7.437704e-13 1.797344e-03 1.662750e-03
1.419818e-10 7.404804e-13 1.794672e-03 1.665030e-03
1.407902e-10 7.368929e-13 1.792196e-03 1.667046e-03
1.410557e-10 7.360859e-13 1.790345e-03 1.668781e-03
1.421147e-10 7.390116e-13 1.789174e-03 1.670230e-03
1.410318e-10 7.422975e-13 1.787079e-03 1.671319e-03
1.412712e-10 7.421795e-13 1.785426e-03 1.672067e-03
1.424313e-10 7.383620e-13 1.784631e-03 1.672457e-03
1.412357e-10 7.366857e-13 1.784734e-03 1.672479e-03
1.413528e-10 7.401168e-13 1.785438e-03 1.672153e-03
1.425488e-10 7.427079e-13 1.786082e-03 1.671450e-03
1.412336e-10 7.407243e-13 1.787561e-03 1.670429e-03
1.414192e-10 7.377816e-13 1.789346e-03 1.669080e-03
1.426958e-10 7.392173e-13 1.791052e-03 1.667430e-03
1.415343e-10 7.420658e-13 1.792321e-03 1.665503e-03
1.416563e-10 7.414584e-13 1.794559e-03 1.663308e-03
1.427736e-10 7.378404e-13 1.797566e-03 1.660894e-03
1.417409e-10 7.381254e-13 1.799672e-03 1.658284e-03
1.419792e-10 7.421097e-13 1.802307e-03 1.655536e-03
1.429816e-10 7.434684e-13 1.805397e-03 1.652698e-03
1.419166e-10 7.391507e-13 1.809453e-03 1.649793e-03
1.423043e-10 7.357046e-13 1.812792e-03 1.646844e-03
1.433112e-10 7.399942e-13 1.816244e-03 1.643908e-03
1.421043e-10 7.461108e-13 1.819912e-03 1.641045e-03
1.423488e-10 7.444436e-13 1.823128e-03 1.638279e-03
1.436791e-10 7.370283e-13 1.826712e-03 1.635640e-03
1.422281e-10 7.350289e-13 1.829807e-03 1.633201e-03
1.422763e-10 7.424181e-13 1.832741e-03 1.631008e-03
1.438264e-10 7.482672e-13 1.835685e-03 1.629042e-03
1.423174e-10 7.429723e-13 1.837657e-03 1.627380e-03
1.424236e-10 7.347715e-13 1.839241e-03 1.626027e-03
1.440727e-10 7.361919e-13 1.841328e-03 1.624985e-03
1.423718e-10 7.454791e-13 1.842276e-03 1.624265e-03
1.425697e-10 7.475066e-13 1.842411e-03 1.623885e-03
1.442391e-10 7.392571e-13 1.842520e-03 1.623890e-03
1.423794e-10 7.346333e-13 1.843120e-03 1.624280e-03
1.425067e-10 7.422576e-13 1.842693e-03 1.625012e-03
1.441628e-10 7.489663e-13 1.842105e-03 1.626116e-03
1.425678e-10 7.428698e-13 1.841456e-03 1.627576e-03
1.425291e-10 7.344017e-13 1.839746e-03 1.629355e-03
1.442665e-10 7.387057e-13 1.838202e-03 1.631449e-03
1.428728e-10 7.496511e-13 1.835967e-03 1.633790e-03
1.423695e-10 7.491095e-13 1.833635e-03 1.636346e-03
1.444509e-10 7.370801e-13 1.831252e-03 1.639104e-03
1.431057e-10 7.325621e-13 1.828428e-03 1.641994e-03
1.425649e-10 7.443196e-13 1.825266e-03 1.645023e-03
1.446447e-10 7.535501e-13 1.821786e-03 1.648142e-03
1.433100e-10 7.458551e-13 1.818317e-03 1.651297e-03
1.426340e-10 7.332964e-13 1.814990e-03 1.654446e-03
1.444100e-10 7.362555e-13 1.811315e-03 1.657529e-03
1.433754e-10 7.511020e-13 1.807544e-03 1.660513e-03
1.424563e-10 7.537797e-13 1.805289e-03 1.663369e-03
1.443664e-10 7.396365e-13 1.802441e-03 1.666035e-03
1.436555e-10 7.299690e-13 1.799995e-03 1.668505e-03
1.426592e-10 7.421973e-13 1.798474e-03 1.670731e-03
1.443894e-10 7.574972e-13 1.796367e-03 1.672690e-03
1.436503e-10 7.510120e-13 1.793775e-03 1.674316e-03
1.427646e-10 7.303155e-13 1.792413e-03 1.675604e-03
1.446358e-10 7.289505e-13 1.791051e-03 1.676571e-03
1.439959e-10 7.519387e-13 1.790600e-03 1.677188e-03
1.430275e-10 7.637079e-13 1.791054e-03 1.677450e-03
1.449901e-10 7.430719e-13 1.790569e-03 1.677375e-03
1.443622e-10 7.197743e-13 1.790816e-03 1.676947e-03
1.431097e-10 7.330641e-13 1.791612e-03 1.676187e-03
1.449379e-10 7.651103e-13 1.793072e-03 1.675088e-03
1.445069e-10 7.661363e-13 1.795457e-03 1.673681e-03
1.429534e-10 7.306764e-13 1.797204e-03 1.671969e-03
1.449064e-10 7.134127e-13 1.800253e-03 1.669986e-03
1.446026e-10 7.436966e-13 1.803460e-03 1.667743e-03
1.430338e-10 7.763631e-13 1.806626e-03 1.665311e-03
1.449465e-10 7.590967e-13 1.809795e-03 1.662682e-03
1.446208e-10 7.178520e-13 1.812808e-03 1.659930e-03
1.430010e-10 7.161327e-13 1.815969e-03 1.657105e-03
1.449993e-10 7.570595e-13 1.819897e-03 1.654228e-03
1.447751e-10 7.782977e-13 1.823096e-03 1.651316e-03
1.430543e-10 7.488326e-13 1.825932e-03 1.648431e-03
1.450745e-10 7.138124e-13 1.828487e-03 1.645618e-03
1.450736e-10 7.252993e-13 1.831795e-03 1.642904e-03
1.430535e-10 7.647632e-13 1.834338e-03 1.640319e-03
1.450858e-10 7.740460e-13 1.837606e-03 1.637928e-03
1.452045e-10 7.412026e-13 1.840127e-03 1.635784e-03
1.430336e-10 7.139851e-13 1.841939e-03 1.633899e-03
1.452613e-10 7.319477e-13 1.844203e-03 1.632296e-03
1.455331e-10 7.680824e-13 1.845280e-03 1.631005e-03
1.430697e-10 7.697948e-13 1.847038e-03 1.630033e-03
1.452494e-10 7.350788e-13 1.848167e-03 1.629399e-03
1.458530e-10 7.162981e-13 1.848991e-03 1.629147e-03
1.431369e-10 7.401185e-13 1.849625e-03 1.629263e-03
1.451190e-10 7.707512e-13 1.849959e-03 1.629744e-03
1.459144e-10 7.623955e-13 1.849672e-03 1.630623e-03
1.432030e-10 7.298260e-13 1.848700e-03 1.631866e-03
1.451352e-10 7.232736e-13 1.846637e-03 1.633464e-03
1.461236e-10 7.496042e-13 1.845026e-03 1.635375e-03
1.434322e-10 7.664829e-13 1.843376e-03 1.637565e-03
1.453152e-10 7.511048e-13 1.841126e-03 1.640013e-03
1.461761e-10 7.310273e-13 1.838407e-03 1.642708e-03
1.437157e-10 7.346745e-13 1.835305e-03 1.645595e-03
1.454161e-10 7.517182e-13 1.831910e-03 1.648642e-03
1.463573e-10 7.559092e-13 1.828495e-03 1.651798e-03
1.439684e-10 7.463896e-13 1.825215e-03 1.654994e-03
1.454099e-10 7.401260e-13 1.822108e-03 1.658197e-03
1.464394e-10 7.426175e-13 1.818586e-03 1.661394e-03
1.442318e-10 7.472144e-13 1.815811e-03 1.664527e-03
1.454677e-10 7.492455e-13 1.812982e-03 1.667522e-03
1.466524e-10 7.497882e-13 1.809834e-03 1.670359e-03
1.444984e-10 7.468530e-13 1.806475e-03 1.673011e-03
1.455483e-10 7.423303e-13 1.804721e-03 1.675432e-03
1.468755e-10 7.429587e-13 1.802678e-03 1.677585e-03
1.445998e-10 7.496505e-13 1.800603e-03 1.679465e-03
1.457045e-10 7.529116e-13 1.798847e-03 1.681013e-03
1.471875e-10 7.479743e-13 1.796911e-03 1.682237e-03
1.446753e-10 7.421455e-13 1.796337e-03 1.683121e-03
1.456698e-10 7.445502e-13 1.795721e-03 1.683649e-03
1.472875e-10 7.512813e-13 1.795531e-03 1.683811e-03
1.447539e-10 7.521047e-13 1.795804e-03 1.683579e-03
1.455443e-10 7.470442e-13 1.795970e-03 1.682988e-03
1.474808e-10 7.447581e-13 1.797034e-03 1.682051e-03
1.450214e-10 7.485851e-13 1.798448e-03 1.680801e-03
1.454131e-10 7.510464e-13 1.800210e-03 1.679249e-03
1.477215e-10 7.496946e-13 1.801987e-03 1.677394e-03
1.452342e-10 7.481126e-13 1.804395e-03 1.675264e-03
1.454856e-10 7.495375e-13 1.806839e-03 1.672907e-03
1.478686e-10 7.503837e-13 1.809845e-03 1.670312e-03
1.455158e-10 7.476990e-13 1.813275e-03 1.667555e-03
1.456023e-10 7.468158e-13 1.816907e-03 1.664645e-03
