1.019482e-10 6.701432e-13 1.762412e-03 1.594570e-03
1.049218e-10 6.537807e-13 1.764827e-03 1.592277e-03
1.006357e-10 6.651411e-13 1.767916e-03 1.590069e-03
1.018538e-10 6.861617e-13 1.770745e-03 1.587982e-03
1.052251e-10 6.836951e-13 1.772480e-03 1.586043e-03
1.010066e-10 6.638464e-13 1.774599e-03 1.584282e-03
1.018791e-10 6.571308e-13 1.776693e-03 1.582738e-03
1.053480e-10 6.714797e-13 1.778235e-03 1.581419e-03
1.013489e-10 6.840410e-13 1.779944e-03 1.580346e-03
1.016888e-10 6.788586e-13 1.781324e-03 1.579537e-03
1.056050e-10 6.667521e-13 1.781920e-03 1.579003e-03
1.019406e-10 6.629662e-13 1.782375e-03 1.578783e-03
1.015979e-10 6.709120e-13 1.783279e-03 1.578852e-03
1.056964e-10 6.800398e-13 1.782800e-03 1.579203e-03
1.024334e-10 6.793907e-13 1.782340e-03 1.579848e-03
1.015348e-10 6.692237e-13 1.780869e-03 1.580791e-03
1.058734e-10 6.628487e-13 1.780033e-03 1.581993e-03
1.030210e-10 6.703891e-13 1.779261e-03 1.583465e-03
1.013635e-10 6.819903e-13 1.776836e-03 1.585145e-03
1.061188e-10 6.800676e-13 1.775972e-03 1.587047e-03
1.035247e-10 6.657383e-13 1.774572e-03 1.589139e-03
1.012630e-10 6.625197e-13 1.772844e-03 1.591395e-03
1.062673e-10 6.762882e-13 1.769826e-03 1.593787e-03
1.040040e-10 6.856782e-13 1.767324e-03 1.596292e-03
1.012625e-10 6.732982e-13 1.765151e-03 1.598854e-03
1.064143e-10 6.585296e-13 1.762184e-03 1.601460e-03
1.042939e-10 6.662643e-13 1.759305e-03 1.604049e-03
1.012721e-10 6.860100e-13 1.757118e-03 1.606583e-03
1.065821e-10 6.857088e-13 1.753464e-03 1.609030e-03
1.046587e-10 6.639242e-13 1.751048e-03 1.611346e-03
1.012214e-10 6.557872e-13 1.748802e-03 1.613503e-03
1.065033e-10 6.753504e-13 1.747243e-03 1.615488e-03
1.049358e-10 6.925084e-13 1.743944e-03 1.617271e-03
1.011479e-10 6.786994e-13 1.743074e-03 1.618843e-03
1.064555e-10 6.564327e-13 1.741564e-03 1.620136e-03
1.055200e-10 6.613597e-13 1.740674e-03 1.621183e-03
1.012391e-10 6.860131e-13 1.739584e-03 1.621961e-03
1.062356e-10 6.902184e-13 1.738874e-03 1.622455e-03
1.056243e-10 6.673963e-13 1.739121e-03 1.622648e-03
1.015518e-10 6.551593e-13 1.739383e-03 1.622524e-03
1.062107e-10 6.729954e-13 1.739648e-03 1.622107e-03
1.060166e-10 6.921850e-13 1.740314e-03 1.621384e-03
1.016445e-10 6.819265e-13 1.741663e-03 1.620389e-03
1.060449e-10 6.600262e-13 1.743563e-03 1.619154e-03
1.062801e-10 6.612882e-13 1.745259e-03 1.617693e-03
1.018149e-10 6.832144e-13 1.747302e-03 1.616018e-03
1.058015e-10 6.914769e-13 1.749070e-03 1.614162e-03
1.063323e-10 6.749690e-13 1.750675e-03 1.612138e-03
1.021948e-10 6.609343e-13 1.753341e-03 1.609939e-03
1.053627e-10 6.695607e-13 1.756521e-03 1.607643e-03
1.063475e-10 6.855435e-13 1.759813e-03 1.605259e-03
1.026180e-10 6.860988e-13 1.762340e-03 1.602833e-03
1.052313e-10 6.731190e-13 1.765100e-03 1.600415e-03
1.064245e-10 6.655844e-13 1.768428e-03 1.598028e-03
1.028291e-10 6.725666e-13 1.771613e-03 1.595715e-03
1.050627e-10 6.833948e-13 1.774767e-03 1.593519e-03
1.068105e-10 6.845895e-13 1.778108e-03 1.591473e-03
1.031962e-10 6.750041e-13 1.780613e-03 1.589594e-03
1.048313e-10 6.667764e-13 1.782537e-03 1.587891e-03
1.069196e-10 6.714242e-13 1.784845e-03 1.586415e-03
1.035651e-10 6.844039e-13 1.786622e-03 1.585193e-03
1.047678e-10 6.877915e-13 1.788171e-03 1.584262e-03
1.070129e-10 6.750320e-13 1.788790e-03 1.583648e-03
1.038069e-10 6.632244e-13 1.788953e-03 1.583357e-03
1.047485e-10 6.706212e-13 1.789110e-03 1.583366e-03
1.072221e-10 6.874457e-13 1.789143e-03 1.583670e-03
1.039194e-10 6.886041e-13 1.788272e-03 1.584250e-03
1.046281e-10 6.722347e-13 1.788337e-03 1.585096e-03
1.073908e-10 6.629686e-13 1.787141e-03 1.586218e-03
1.041083e-10 6.742008e-13 1.786716e-03 1.587614e-03
1.047453e-10 6.885714e-13 1.785303e-03 1.589290e-03
1.079078e-10 6.846158e-13 1.782912e-03 1.591196e-03
1.046198e-10 6.707848e-13 1.781269e-03 1.593314e-03
1.048616e-10 6.678754e-13 1.778919e-03 1.595602e-03
1.079882e-10 6.773133e-13 1.776813e-03 1.598011e-03
1.052387e-10 6.839034e-13 1.774065e-03 1.600509e-03
1.048852e-10 6.804368e-13 1.771869e-03 1.603082e-03
1.082840e-10 6.745415e-13 1.768900e-03 1.605673e-03
1.056315e-10 6.736367e-13 1.766436e-03 1.608260e-03
1.049472e-10 6.769019e-13 1.763693e-03 1.610810e-03
1.083508e-10 6.795412e-13 1.761081e-03 1.613294e-03
1.059469e-10 6.799673e-13 1.758026e-03 1.615681e-03
1.049887e-10 6.779317e-13 1.755937e-03 1.617917e-03
1.083668e-10 6.760201e-13 1.754038e-03 1.619993e-03
1.061565e-10 6.765987e-13 1.751970e-03 1.621888e-03
1.051244e-10 6.788672e-13 1.750353e-03 1.623553e-03
1.083842e-10 6.795340e-13 1.748834e-03 1.624961e-03
1.066544e-10 6.782779e-13 1.747449e-03 1.626105e-03
1.052516e-10 6.786369e-13 1.745819e-03 1.626964e-03
1.084787e-10 6.790501e-13 1.744418e-03 1.627537e-03
1.070233e-10 6.769665e-13 1.743386e-03 1.627800e-03
1.052867e-10 6.760502e-13 1.743047e-03 1.627737e-03
1.084760e-10 6.810189e-13 1.743721e-03 1.627360e-03
1.073142e-10 6.849099e-13 1.744406e-03 1.626663e-03
1.052616e-10 6.786124e-13 1.745935e-03 1.625702e-03
1.084063e-10 6.695342e-13 1.747238e-03 1.624438e-03
1.077581e-10 6.745720e-13 1.749457e-03 1.622898e-03
1.054568e-10 6.893535e-13 1.751244e-03 1.621134e-03
1.083378e-10 6.896990e-13 1.753861e-03 1.619141e-03
1.080465e-10 6.709789e-13 1.756355e-03 1.616965e-03
1.056097e-10 6.629040e-13 1.759790e-03 1.614642e-03
1.084128e-10 6.809641e-13 1.762921e-03 1.612212e-03
1.085181e-10 6.975753e-13 1.765565e-03 1.609712e-03
1.058748e-10 6.848849e-13 1.768075e-03 1.607155e-03
1.082315e-10 6.618310e-13 1.771386e-03 1.604601e-03
1.088449e-10 6.665088e-13 1.774115e-03 1.602115e-03
1.061569e-10 6.921209e-13 1.777172e-03 1.599697e-03
1.081836e-10 6.989566e-13 1.780160e-03 1.597386e-03
1.091038e-10 6.772418e-13 1.782982e-03 1.595252e-03
1.065196e-10 6.618901e-13 1.784620e-03 1.593296e-03
1.080983e-10 6.759071e-13 1.786820e-03 1.591541e-03
1.091199e-10 6.956512e-13 1.788806e-03 1.590019e-03
1.068376e-10 6.922054e-13 1.790778e-03 1.588769e-03
1.078737e-10 6.733505e-13 1.792062e-03 1.587815e-03
1.092893e-10 6.685174e-13 1.792950e-03 1.587165e-03
1.071245e-10 6.817645e-13 1.793866e-03 1.586854e-03
1.079928e-10 6.924036e-13 1.794843e-03 1.586849e-03
1.094746e-10 6.867007e-13 1.794783e-03 1.587155e-03
1.076802e-10 6.745717e-13 1.795042e-03 1.587769e-03
1.079706e-10 6.734437e-13 1.794714e-03 1.588705e-03
1.095238e-10 6.842793e-13 1.793448e-03 1.589931e-03
1.079443e-10 6.919187e-13 1.791886e-03 1.591441e-03
1.079875e-10 6.849674e-13 1.790757e-03 1.593240e-03
1.096918e-10 6.737277e-13 1.789348e-03 1.595251e-03
1.082948e-10 6.746798e-13 1.786896e-03 1.597468e-03
1.079470e-10 6.884548e-13 1.783548e-03 1.599853e-03
1.097988e-10 6.942630e-13 1.781176e-03 1.602350e-03
1.084951e-10 6.817117e-13 1.778821e-03 1.604969e-03
1.079246e-10 6.692024e-13 1.775733e-03 1.607649e-03
1.100906e-10 6.773844e-13 1.772847e-03 1.610386e-03
1.086717e-10 6.957388e-13 1.770030e-03 1.613096e-03
1.076691e-10 6.959334e-13 1.766914e-03 1.615779e-03
1.102667e-10 6.767826e-13 1.764231e-03 1.618365e-03
1.086666e-10 6.675654e-13 1.761329e-03 1.620820e-03
1.076937e-10 6.839494e-13 1.759685e-03 1.623113e-03
1.103518e-10 7.003192e-13 1.757598e-03 1.625204e-03
1.089000e-10 6.903559e-13 1.755071e-03 1.627074e-03
1.077604e-10 6.693903e-13 1.753459e-03 1.628710e-03
1.105342e-10 6.711718e-13 1.752326e-03 1.630098e-03
1.092312e-10 6.941278e-13 1.750890e-03 1.631225e-03
1.078733e-10 7.007387e-13 1.750206e-03 1.632047e-03
1.105412e-10 6.796987e-13 1.749675e-03 1.632564e-03
1.095894e-10 6.643690e-13 1.749158e-03 1.632746e-03
1.080504e-10 6.807015e-13 1.749870e-03 1.632622e-03
1.105245e-10 7.034168e-13 1.750027e-03 1.632191e-03
1.097270e-10 6.955152e-13 1.750990e-03 1.631481e-03
1.081529e-10 6.681713e-13 1.752011e-03 1.630490e-03
1.105811e-10 6.656458e-13 1.754089e-03 1.629210e-03
1.100430e-10 6.928296e-13 1.755373e-03 1.627701e-03
1.083093e-10 7.055058e-13 1.757192e-03 1.625983e-03
1.106257e-10 6.834351e-13 1.759765e-03 1.624059e-03
1.102275e-10 6.628013e-13 1.762316e-03 1.621962e-03
1.085918e-10 6.761791e-13 1.764967e-03 1.619730e-03
1.107544e-10 7.004168e-13 1.768261e-03 1.617404e-03
1.106266e-10 6.966794e-13 1.771012e-03 1.614993e-03
1.088074e-10 6.731843e-13 1.773855e-03 1.612565e-03
1.104981e-10 6.687483e-13 1.777056e-03 1.610171e-03
1.105615e-10 6.876655e-13 1.780039e-03 1.607835e-03
1.090107e-10 6.989049e-13 1.782926e-03 1.605560e-03
1.107004e-10 6.884239e-13 1.785663e-03 1.603407e-03
1.109374e-10 6.752750e-13 1.788592e-03 1.601407e-03
1.094856e-10 6.768609e-13 1.790873e-03 1.599564e-03
1.107370e-10 6.868477e-13 1.792918e-03 1.597940e-03
1.112424e-10 6.918932e-13 1.795011e-03 1.596548e-03
1.096192e-10 6.900954e-13 1.797169e-03 1.595413e-03
1.108115e-10 6.844696e-13 1.798425e-03 1.594524e-03
1.114879e-10 6.783754e-13 1.799356e-03 1.593927e-03
1.098249e-10 6.790159e-13 1.800178e-03 1.593597e-03
1.108240e-10 6.898593e-13 1.800914e-03 1.593547e-03
1.119730e-10 6.974019e-13 1.800525e-03 1.593804e-03
1.099599e-10 6.885075e-13 1.799765e-03 1.594358e-03
1.107961e-10 6.737777e-13 1.798922e-03 1.595215e-03
1.124501e-10 6.753828e-13 1.798199e-03 1.596356e-03
1.101195e-10 6.921410e-13 1.797607e-03 1.597762e-03
1.107457e-10 6.995552e-13 1.796013e-03 1.599416e-03
1.125306e-10 6.863975e-13 1.794336e-03 1.601299e-03
1.102450e-10 6.726178e-13 1.792393e-03 1.603367e-03
1.105108e-10 6.779439e-13 1.790285e-03 1.605602e-03
1.128207e-10 6.925992e-13 1.787583e-03 1.607992e-03
1.104477e-10 6.954749e-13 1.784342e-03 1.610480e-03
1.104334e-10 6.853424e-13 1.781694e-03 1.613020e-03
1.130719e-10 6.781067e-13 1.779728e-03 1.615567e-03
1.106994e-10 6.818896e-13 1.777065e-03 1.618109e-03
1.104517e-10 6.904047e-13 1.774337e-03 1.620622e-03
1.133067e-10 6.922387e-13 1.772031e-03 1.623053e-03
1.108870e-10 6.871393e-13 1.769802e-03 1.625408e-03
1.103692e-10 6.827090e-13 1.766909e-03 1.627651e-03
1.134055e-10 6.834354e-13 1.764818e-03 1.629709e-03
1.113175e-10 6.870941e-13 1.762780e-03 1.631571e-03
1.105630e-10 6.895617e-13 1.760853e-03 1.633206e-03
1.135773e-10 6.888368e-13 1.758935e-03 1.634598e-03
1.116524e-10 6.864777e-13 1.757271e-03 1.635739e-03
1.107744e-10 6.849711e-13 1.755793e-03 1.636599e-03
1.137599e-10 6.850955e-13 1.755768e-03 1.637176e-03
1.120763e-10 6.873547e-13 1.755249e-03 1.637458e-03
1.107270e-10 6.906912e-13 1.754719e-03 1.637416e-03
1.137924e-10 6.911043e-13 1.754451e-03 1.637070e-03
1.124914e-10 6.857468e-13 1.755344e-03 1.636416e-03
1.107207e-10 6.808459e-13 1.755627e-03 1.635477e-03
1.137287e-10 6.847986e-13 1.757934e-03 1.634238e-03
1.128725e-10 6.948726e-13 1.759469e-03 1.632767e-03
1.106981e-10 6.961322e-13 1.761485e-03 1.631034e-03
1.137151e-10 6.834540e-13 1.763110e-03 1.629050e-03
1.131103e-10 6.760200e-13 1.765779e-03 1.626877e-03
1.107317e-10 6.878567e-13 1.768958e-03 1.624565e-03
1.135792e-10 7.028206e-13 1.771418e-03 1.622121e-03
1.133263e-10 6.957317e-13 1.774468e-03 1.619575e-03
1.108365e-10 6.758649e-13 1.776587e-03 1.616978e-03
1.134633e-10 6.753636e-13 1.779042e-03 1.614329e-03
1.135914e-10 6.976713e-13 1.781951e-03 1.611700e-03
1.108952e-10 7.082374e-13 1.784776e-03 1.609131e-03
1.135558e-10 6.884948e-13 1.787895e-03 1.606671e-03
1.138427e-10 6.698991e-13 1.790619e-03 1.604350e-03
1.108960e-10 6.816522e-13 1.793009e-03 1.602214e-03
1.135979e-10 7.054318e-13 1.795529e-03 1.600264e-03
1.142603e-10 7.033191e-13 1.797946e-03 1.598527e-03
1.110727e-10 6.808690e-13 1.800519e-03 1.597047e-03
1.135508e-10 6.740434e-13 1.801839e-03 1.595854e-03
1.144656e-10 6.919568e-13 1.802598e-03 1.594958e-03
1.112074e-10 7.049887e-13 1.804146e-03 1.594387e-03
1.135989e-10 6.938144e-13 1.805515e-03 1.594157e-03
1.148491e-10 6.787857e-13 1.805876e-03 1.594237e-03
1.115236e-10 6.822388e-13 1.805727e-03 1.594658e-03
1.135528e-10 6.973374e-13 1.804476e-03 1.595398e-03
1.152154e-10 7.005819e-13 1.804106e-03 1.596447e-03
1.121155e-10 6.892620e-13 1.802969e-03 1.597778e-03
1.133637e-10 6.800497e-13 1.801949e-03 1.599394e-03
1.153902e-10 6.867238e-13 1.800717e-03 1.601259e-03
1.123785e-10 6.989426e-13 1.799219e-03 1.603357e-03
1.135060e-10 6.996381e-13 1.797512e-03 1.605693e-03
1.154855e-10 6.876448e-13 1.795426e-03 1.608223e-03
1.125174e-10 6.794484e-13 1.793243e-03 1.610924e-03
1.132606e-10 6.876690e-13 1.790393e-03 1.613747e-03
1.154774e-10 7.012809e-13 1.787530e-03 1.616656e-03
1.126579e-10 7.006814e-13 1.784734e-03 1.619623e-03
1.132193e-10 6.843447e-13 1.781079e-03 1.622600e-03
1.155058e-10 6.767505e-13 1.778079e-03 1.625522e-03
1.128965e-10 6.901051e-13 1.774668e-03 1.628343e-03
1.132183e-10 7.050418e-13 1.770971e-03 1.631036e-03
1.156505e-10 6.981655e-13 1.768659e-03 1.633557e-03
1.130614e-10 6.787017e-13 1.766167e-03 1.635887e-03
1.131444e-10 6.771666e-13 1.763995e-03 1.637983e-03
1.156316e-10 6.967425e-13 1.761662e-03 1.639798e-03
1.131989e-10 7.080554e-13 1.760572e-03 1.641332e-03
1.131984e-10 6.916617e-13 1.759039e-03 1.642556e-03
1.159315e-10 6.727533e-13 1.758272e-03 1.643468e-03
1.135269e-10 6.815960e-13 1.757360e-03 1.644071e-03
1.131918e-10 7.068605e-13 1.757773e-03 1.644338e-03
1.158664e-10 7.081898e-13 1.757881e-03 1.644277e-03
1.138290e-10 6.818970e-13 1.759102e-03 1.643875e-03
1.131306e-10 6.692093e-13 1.759797e-03 1.643148e-03
1.159448e-10 6.922034e-13 1.760856e-03 1.642104e-03
1.142386e-10 7.162124e-13 1.762250e-03 1.640746e-03
1.131448e-10 7.024300e-13 1.764116e-03 1.639106e-03
1.160986e-10 6.721939e-13 1.766574e-03 1.637226e-03
1.145149e-10 6.736568e-13 1.769318e-03 1.635138e-03
1.131836e-10 7.049757e-13 1.772021e-03 1.632855e-03
1.159597e-10 7.156821e-13 1.775551e-03 1.630427e-03
1.147946e-10 6.887256e-13 1.778817e-03 1.627851e-03
1.132765e-10 6.680307e-13 1.782137e-03 1.625184e-03
1.160107e-10 6.867626e-13 1.785791e-03 1.622462e-03
1.150134e-10 7.138429e-13 1.788847e-03 1.619735e-03
1.133941e-10 7.068755e-13 1.791973e-03 1.617057e-03
1.159415e-10 6.800944e-13 1.794737e-03 1.614479e-03
1.151694e-10 6.762496e-13 1.797983e-03 1.612005e-03
1.134568e-10 6.969674e-13 1.800642e-03 1.609699e-03
1.159450e-10 7.086736e-13 1.803693e-03 1.607607e-03
1.152507e-10 6.974636e-13 1.806053e-03 1.605735e-03
1.135617e-10 6.844783e-13 1.808305e-03 1.604120e-03
1.158555e-10 6.860594e-13 1.809843e-03 1.602794e-03
1.156702e-10 6.937013e-13 1.811448e-03 1.601758e-03
1.139638e-10 6.973381e-13 1.812349e-03 1.601058e-03
1.158615e-10 6.978274e-13 1.812553e-03 1.600667e-03
1.161287e-10 6.958486e-13 1.812694e-03 1.600613e-03
1.141109e-10 6.885367e-13 1.813060e-03 1.600887e-03
1.158618e-10 6.844390e-13 1.812658e-03 1.601486e-03
1.163311e-10 6.929805e-13 1.811530e-03 1.602408e-03
1.142679e-10 7.045878e-13 1.810651e-03 1.603635e-03
1.159132e-10 7.008809e-13 1.809028e-03 1.605158e-03
1.166406e-10 6.857764e-13 1.807157e-03 1.606935e-03
1.143810e-10 6.820806e-13 1.805233e-03 1.608932e-03
1.159119e-10 6.950849e-13 1.802540e-03 1.611144e-03
1.166758e-10 7.056400e-13 1.800143e-03 1.613532e-03
1.145430e-10 6.984662e-13 1.796907e-03 1.616077e-03
1.159348e-10 6.861752e-13 1.794923e-03 1.618711e-03
1.168339e-10 6.865959e-13 1.792472e-03 1.621403e-03
1.148317e-10 6.971579e-13 1.790075e-03 1.624110e-03
1.160228e-10 7.032074e-13 1.788029e-03 1.626820e-03
1.168862e-10 6.977158e-13 1.785564e-03 1.629481e-03
1.148384e-10 6.900074e-13 1.783165e-03 1.632092e-03
1.161572e-10 6.897238e-13 1.780621e-03 1.634588e-03
1.170353e-10 6.965010e-13 1.778382e-03 1.636948e-03
1.149828e-10 7.010141e-13 1.776803e-03 1.639155e-03
1.162855e-10 6.982559e-13 1.774988e-03 1.641146e-03
1.172320e-10 6.930894e-13 1.772958e-03 1.642920e-03
1.153412e-10 6.922969e-13 1.771290e-03 1.644458e-03
1.163995e-10 6.960426e-13 1.770057e-03 1.645739e-03
1.175170e-10 6.990235e-13 1.768491e-03 1.646758e-03
1.156154e-10 6.995133e-13 1.768069e-03 1.647463e-03
1.165006e-10 6.978115e-13 1.767472e-03 1.647882e-03
1.174709e-10 6.947871e-13 1.767481e-03 1.647972e-03
1.157419e-10 6.935257e-13 1.766789e-03 1.647786e-03
1.165709e-10 6.967051e-13 1.767409e-03 1.647290e-03
1.175452e-10 7.027545e-13 1.768486e-03 1.646522e-03
1.159669e-10 7.026344e-13 1.769359e-03 1.645496e-03
1.167739e-10 6.938693e-13 1.771073e-03 1.644211e-03
1.178408e-10 6.887376e-13 1.772758e-03 1.642687e-03
1.161393e-10 6.975911e-13 1.774699e-03 1.640925e-03
1.166526e-10 7.091837e-13 1.776617e-03 1.638992e-03
1.180967e-10 7.049046e-13 1.779366e-03 1.636898e-03
1.164196e-10 6.886675e-13 1.782539e-03 1.634661e-03
1.166164e-10 6.855745e-13 1.785368e-03 1.632331e-03
1.182613e-10 7.029986e-13 1.788341e-03 1.629952e-03
1.166523e-10 7.145454e-13 1.791201e-03 1.627538e-03
1.165681e-10 7.013279e-13 1.793918e-03 1.625161e-03
1.182394e-10 6.822309e-13 1.796370e-03 1.622816e-03
1.167283e-10 6.883300e-13 1.799516e-03 1.620539e-03
1.165372e-10 7.106122e-13 1.801847e-03 1.618374e-03
1.185029e-10 7.139197e-13 1.804542e-03 1.616349e-03
1.172232e-10 6.930565e-13 1.806846e-03 1.614510e-03
1.165432e-10 6.818029e-13 1.808604e-03 1.612863e-03
1.184778e-10 6.974891e-13 1.810046e-03 1.611457e-03
1.176068e-10 7.136670e-13 1.811113e-03 1.610297e-03
1.167679e-10 7.044258e-13 1.812018e-03 1.609385e-03
1.184542e-10 6.850036e-13 1.813128e-03 1.608757e-03
1.179512e-10 6.875826e-13 1.814310e-03 1.608413e-03
1.169335e-10 7.066096e-13 1.814657e-03 1.608398e-03
1.186250e-10 7.112154e-13 1.815511e-03 1.608690e-03
1.182210e-10 6.943456e-13 1.814943e-03 1.609267e-03
1.171967e-10 6.837307e-13 1.814103e-03 1.610130e-03
1.187164e-10 6.949796e-13 1.812896e-03 1.611282e-03
1.182435e-10 7.092067e-13 1.811209e-03 1.612708e-03
1.172069e-10 7.058007e-13 1.809620e-03 1.614354e-03
1.187384e-10 6.906409e-13 1.807954e-03 1.616190e-03
1.182946e-10 6.868516e-13 1.806472e-03 1.618206e-03
1.173927e-10 6.983856e-13 1.804852e-03 1.620396e-03
1.187608e-10 7.088362e-13 1.803221e-03 1.622715e-03
1.183754e-10 7.037335e-13 1.800092e-03 1.625125e-03
1.178245e-10 6.910108e-13 1.798050e-03 1.627615e-03
1.189030e-10 6.875348e-13 1.795701e-03 1.630141e-03
1.186991e-10 6.989404e-13 1.793147e-03 1.632671e-03
1.181790e-10 7.103675e-13 1.790345e-03 1.635170e-03
1.191879e-10 7.049257e-13 1.787975e-03 1.637632e-03
1.188213e-10 6.893721e-13 1.785590e-03 1.639990e-03
1.184460e-10 6.859558e-13 1.783552e-03 1.642215e-03
1.191878e-10 7.028527e-13 1.781207e-03 1.644264e-03
1.188915e-10 7.154659e-13 1.779556e-03 1.646142e-03
1.187611e-10 7.035567e-13 1.777693e-03 1.647793e-03
1.194350e-10 6.821876e-13 1.776370e-03 1.649197e-03
1.193108e-10 6.857747e-13 1.775119e-03 1.650349e-03
1.191678e-10 7.112017e-13 1.773295e-03 1.651210e-03
1.194449e-10 7.197791e-13 1.773102e-03 1.651776e-03
1.193713e-10 6.964225e-13 1.771870e-03 1.652055e-03
1.193250e-10 6.755244e-13 1.772001e-03 1.652040e-03
1.193735e-10 6.905935e-13 1.771814e-03 1.651703e-03
1.193998e-10 7.194426e-13 1.772824e-03 1.651080e-03
1.193445e-10 7.169506e-13 1.774249e-03 1.650169e-03
1.194373e-10 6.858376e-13 1.775350e-03 1.648994e-03
1.195877e-10 6.756342e-13 1.777611e-03 1.647574e-03
1.195606e-10 7.024137e-13 1.779141e-03 1.645927e-03
1.194962e-10 7.242136e-13 1.781454e-03 1.644118e-03
1.194916e-10 7.056279e-13 1.783568e-03 1.642136e-03
1.196316e-10 6.763877e-13 1.786212e-03 1.640030e-03
1.195660e-10 6.834122e-13 1.788848e-03 1.637785e-03
1.197212e-10 7.159373e-13 1.791412e-03 1.635463e-03
1.196454e-10 7.223168e-13 1.794614e-03 1.633085e-03
1.195961e-10 6.927087e-13 1.797684e-03 1.630690e-03
1.200156e-10 6.748727e-13 1.800944e-03 1.628311e-03
1.198565e-10 6.963249e-13 1.804280e-03 1.625983e-03
1.195978e-10 7.214263e-13 1.807447e-03 1.623730e-03
1.200821e-10 7.119882e-13 1.809764e-03 1.621601e-03
1.200893e-10 6.865645e-13 1.812223e-03 1.619649e-03
1.196970e-10 6.846216e-13 1.814129e-03 1.617883e-03
1.201683e-10 7.040111e-13 1.815809e-03 1.616339e-03
1.202529e-10 7.124348e-13 1.817561e-03 1.615016e-03
1.197094e-10 7.022001e-13 1.819113e-03 1.613978e-03
1.202262e-10 6.946758e-13 1.819228e-03 1.613206e-03
1.203574e-10 6.976674e-13 1.820537e-03 1.612688e-03
1.199083e-10 6.999030e-13 1.821134e-03 1.612477e-03
1.204301e-10 6.989168e-13 1.821454e-03 1.612572e-03
1.208486e-10 7.022213e-13 1.821344e-03 1.612982e-03
1.201348e-10 7.063760e-13 1.820903e-03 1.613680e-03
1.205127e-10 7.013152e-13 1.820085e-03 1.614660e-03
1.209186e-10 6.917639e-13 1.818894e-03 1.615919e-03
1.203146e-10 6.951648e-13 1.816988e-03 1.617455e-03
1.205241e-10 7.085727e-13 1.814640e-03 1.619194e-03
1.211475e-10 7.107480e-13 1.812800e-03 1.621131e-03
1.202885e-10 6.978377e-13 1.810449e-03 1.623223e-03
1.205753e-10 6.908300e-13 1.808147e-03 1.625461e-03
1.216334e-10 7.005143e-13 1.806381e-03 1.627823e-03
1.205004e-10 7.105707e-13 1.804511e-03 1.630278e-03
1.203842e-10 7.064058e-13 1.802673e-03 1.632780e-03
1.218466e-10 6.957189e-13 1.800534e-03 1.635323e-03
1.209153e-10 6.956500e-13 1.797603e-03 1.637878e-03
1.205085e-10 7.047771e-13 1.794801e-03 1.640383e-03
1.222724e-10 7.091741e-13 1.792966e-03 1.642821e-03
1.212066e-10 7.034281e-13 1.790624e-03 1.645157e-03
1.204864e-10 6.976396e-13 1.788671e-03 1.647325e-03
1.221970e-10 6.996106e-13 1.786583e-03 1.649329e-03
1.214243e-10 7.046933e-13 1.785309e-03 1.651122e-03
1.205441e-10 7.061577e-13 1.783928e-03 1.652707e-03
1.222988e-10 7.031796e-13 1.782412e-03 1.654062e-03
1.215526e-10 7.007984e-13 1.781081e-03 1.655177e-03
1.204863e-10 7.008121e-13 1.780001e-03 1.655981e-03
1.223501e-10 7.015538e-13 1.778790e-03 1.656504e-03
1.219924e-10 7.028296e-13 1.779118e-03 1.656728e-03
1.204953e-10 7.055041e-13 1.779228e-03 1.656673e-03
1.224207e-10 7.061367e-13 1.779231e-03 1.656316e-03
1.222895e-10 7.002766e-13 1.779667e-03 1.655695e-03
1.205790e-10 6.961850e-13 1.780579e-03 1.654814e-03
1.227313e-10 7.027956e-13 1.781228e-03 1.653702e-03
1.227439e-10 7.137786e-13 1.782674e-03 1.652342e-03
1.204867e-10 7.107532e-13 1.784242e-03 1.650740e-03
1.225099e-10 6.944566e-13 1.786063e-03 1.648935e-03
1.229686e-10 6.899456e-13 1.788819e-03 1.646948e-03
1.205463e-10 7.076251e-13 1.791726e-03 1.644820e-03
1.226731e-10 7.219664e-13 1.794182e-03 1.642573e-03
1.233572e-10 7.088558e-13 1.796695e-03 1.640255e-03
1.207093e-10 6.874944e-13 1.799508e-03 1.637882e-03
1.227285e-10 6.920054e-13 1.802116e-03 1.635496e-03
1.237559e-10 7.163255e-13 1.804662e-03 1.633127e-03
1.208471e-10 7.222231e-13 1.807234e-03 1.630817e-03
1.227634e-10 7.000441e-13 1.810222e-03 1.628592e-03
1.239206e-10 6.860464e-13 1.811928e-03 1.626476e-03
1.208423e-10 7.027214e-13 1.814627e-03 1.624509e-03
1.227665e-10 7.229862e-13 1.817046e-03 1.622712e-03
1.241644e-10 7.132579e-13 1.819380e-03 1.621099e-03
1.210400e-10 6.901260e-13 1.821990e-03 1.619733e-03
1.228025e-10 6.918189e-13 1.823229e-03 1.618633e-03
1.241331e-10 7.152434e-13 1.824387e-03 1.617792e-03
1.213862e-10 7.214349e-13 1.825123e-03 1.617254e-03
1.227968e-10 7.009902e-13 1.825468e-03 1.617052e-03
1.243638e-10 6.877469e-13 1.825518e-03 1.617158e-03
1.216536e-10 7.026371e-13 1.825161e-03 1.617564e-03
1.228453e-10 7.208450e-13 1.824582e-03 1.618267e-03
1.244519e-10 7.128026e-13 1.823917e-03 1.619260e-03
1.218851e-10 6.935668e-13 1.822815e-03 1.620486e-03
1.228053e-10 6.934921e-13 1.821725e-03 1.621946e-03
1.245257e-10 7.115677e-13 1.820141e-03 1.623668e-03
1.219195e-10 7.181779e-13 1.818749e-03 1.625606e-03
1.227958e-10 7.050962e-13 1.816380e-03 1.627723e-03
1.245798e-10 6.936263e-13 1.814112e-03 1.629984e-03
1.220729e-10 7.007060e-13 1.811586e-03 1.632352e-03
1.226095e-10 7.138773e-13 1.809014e-03 1.634799e-03
1.247307e-10 7.141993e-13 1.806512e-03 1.637299e-03
1.222531e-10 7.036345e-13 1.804370e-03 1.639811e-03
1.224068e-10 6.961369e-13 1.802000e-03 1.642304e-03
1.251464e-10 7.023544e-13 1.799392e-03 1.644740e-03
1.226407e-10 7.140627e-13 1.797051e-03 1.647107e-03
1.224587e-10 7.170470e-13 1.794410e-03 1.649356e-03
1.253508e-10 7.054757e-13 1.791782e-03 1.651445e-03
1.229653e-10 6.935896e-13 1.790111e-03 1.653352e-03
1.225155e-10 6.988507e-13 1.787846e-03 1.655067e-03
1.253310e-10 7.168460e-13 1.786222e-03 1.656575e-03
1.231215e-10 7.224269e-13 1.784860e-03 1.657852e-03
1.223136e-10 7.041202e-13 1.783982e-03 1.658875e-03
1.255121e-10 6.880712e-13 1.783576e-03 1.659640e-03
1.234842e-10 7.000503e-13 1.782650e-03 1.660118e-03
1.224015e-10 7.249246e-13 1.782435e-03 1.660301e-03
1.254591e-10 7.241687e-13 1.782402e-03 1.660195e-03
1.234828e-10 6.974651e-13 1.782472e-03 1.659788e-03
1.222690e-10 6.850408e-13 1.783423e-03 1.659100e-03
1.255526e-10 7.085391e-13 1.784383e-03 1.658151e-03
1.236749e-10 7.317008e-13 1.786170e-03 1.656932e-03
1.220007e-10 7.172112e-13 1.787599e-03 1.655460e-03
1.256646e-10 6.866989e-13 1.789609e-03 1.653798e-03
1.238410e-10 6.889660e-13 1.792215e-03 1.651972e-03
1.219945e-10 7.214912e-13 1.794524e-03 1.649974e-03
1.259362e-10 7.332175e-13 1.797275e-03 1.647852e-03
1.242316e-10 7.056920e-13 1.799118e-03 1.645615e-03
1.222070e-10 6.816104e-13 1.801833e-03 1.643306e-03
1.260631e-10 6.984390e-13 1.804945e-03 1.640953e-03
1.245814e-10 7.294019e-13 1.807448e-03 1.638592e-03
1.222269e-10 7.272382e-13 1.810629e-03 1.636253e-03
1.259490e-10 6.977785e-13 1.813533e-03 1.633972e-03
1.247131e-10 6.877823e-13 1.816089e-03 1.631812e-03
1.223536e-10 7.092076e-13 1.818582e-03 1.629777e-03
1.259183e-10 7.255078e-13 1.820287e-03 1.627918e-03
1.250333e-10 7.138391e-13 1.822770e-03 1.626266e-03
1.224720e-10 6.981470e-13 1.824628e-03 1.624810e-03
1.257665e-10 7.023968e-13 1.825962e-03 1.623573e-03
1.253285e-10 7.139518e-13 1.827242e-03 1.622600e-03
1.225605e-10 7.123210e-13 1.828002e-03 1.621916e-03
1.257219e-10 7.058980e-13 1.829270e-03 1.621532e-03
1.255974e-10 7.095066e-13 1.829818e-03 1.621426e-03
1.227849e-10 7.145566e-13 1.829672e-03 1.621601e-03
1.255852e-10 7.081832e-13 1.829239e-03 1.622074e-03
1.259306e-10 7.005968e-13 1.828843e-03 1.622795e-03
1.229936e-10 7.087970e-13 1.828405e-03 1.623790e-03
1.256264e-10 7.208991e-13 1.827610e-03 1.625011e-03
1.263441e-10 7.152631e-13 1.826349e-03 1.626460e-03
1.230205e-10 7.000050e-13 1.824818e-03 1.628137e-03
1.254800e-10 7.008547e-13 1.823172e-03 1.630014e-03
1.266274e-10 7.173705e-13 1.821369e-03 1.632075e-03
1.233850e-10 7.221754e-13 1.819668e-03 1.634302e-03
1.253012e-10 7.080605e-13 1.816707e-03 1.636636e-03
1.268646e-10 6.979870e-13 1.814436e-03 1.639051e-03
1.235565e-10 7.076850e-13 1.812476e-03 1.641540e-03
1.251153e-10 7.215523e-13 1.810777e-03 1.644055e-03
1.271452e-10 7.184078e-13 1.808516e-03 1.646565e-03
1.239143e-10 7.049585e-13 1.806235e-03 1.649037e-03
1.252010e-10 7.017508e-13 1.803437e-03 1.651421e-03
1.273176e-10 7.130281e-13 1.800800e-03 1.653702e-03
1.241303e-10 7.211826e-13 1.798387e-03 1.655831e-03
1.252119e-10 7.156334e-13 1.796959e-03 1.657804e-03
1.275116e-10 7.059268e-13 1.795697e-03 1.659577e-03
1.243892e-10 7.056538e-13 1.794049e-03 1.661145e-03
1.252583e-10 7.139135e-13 1.792685e-03 1.662508e-03
1.278020e-10 7.185364e-13 1.791195e-03 1.663645e-03
1.246345e-10 7.149121e-13 1.789700e-03 1.664554e-03
1.252245e-10 7.103013e-13 1.789737e-03 1.665195e-03
1.278238e-10 7.096065e-13 1.788404e-03 1.665550e-03
1.249742e-10 7.105226e-13 1.788508e-03 1.665618e-03
1.252752e-10 7.136174e-13 1.788547e-03 1.665415e-03
1.279851e-10 7.180110e-13 1.789622e-03 1.664939e-03
1.255296e-10 7.173276e-13 1.790286e-03 1.664162e-03
1.256101e-10 7.079332e-13 1.791953e-03 1.663106e-03
1.281904e-10 7.022445e-13 1.793272e-03 1.661768e-03
1.259546e-10 7.133031e-13 1.795057e-03 1.660194e-03
1.256298e-10 7.269970e-13 1.797397e-03 1.658402e-03
1.282539e-10 7.198173e-13 1.800296e-03 1.656446e-03
1.264858e-10 6.991362e-13 1.802564e-03 1.654341e-03
1.258288e-10 6.982037e-13 1.805142e-03 1.652123e-03
1.283087e-10 7.220954e-13 1.808262e-03 1.649853e-03
1.269325e-10 7.331150e-13 1.810351e-03 1.647534e-03
1.260095e-10 7.113093e-13 1.812445e-03 1.645205e-03
1.283636e-10 6.900911e-13 1.815012e-03 1.642873e-03
1.272739e-10 7.062173e-13 1.817918e-03 1.640611e-03
1.261263e-10 7.341329e-13 1.820596e-03 1.638427e-03
1.284252e-10 7.275640e-13 1.823665e-03 1.636386e-03
1.275282e-10 6.962899e-13 1.825748e-03 1.634517e-03
1.260981e-10 6.921174e-13 1.827508e-03 1.632828e-03
1.284814e-10 7.228747e-13 1.829627e-03 1.631342e-03
1.275643e-10 7.372435e-13 1.831254e-03 1.630084e-03
1.259390e-10 7.116007e-13 1.833259e-03 1.629081e-03
1.286406e-10 6.876609e-13 1.834375e-03 1.628348e-03
1.278715e-10 7.057159e-13 1.835273e-03 1.627885e-03
1.258382e-10 7.353077e-13 1.835584e-03 1.627727e-03
1.287157e-10 7.282123e-13 1.835211e-03 1.627848e-03
1.280858e-10 6.970173e-13 1.835094e-03 1.628255e-03
1.259322e-10 6.936554e-13 1.834790e-03 1.628960e-03
1.290668e-10 7.220152e-13 1.834022e-03 1.629931e-03
1.281759e-10 7.352002e-13 1.832795e-03 1.631163e-03
1.258367e-10 7.121780e-13 1.832002e-03 1.632600e-03
1.292484e-10 6.912963e-13 1.830483e-03 1.634265e-03
1.286198e-10 7.064165e-13 1.828908e-03 1.636103e-03
1.259233e-10 7.318166e-13 1.826537e-03 1.638101e-03
1.293027e-10 7.281822e-13 1.824506e-03 1.640243e-03
1.289581e-10 7.028533e-13 1.822824e-03 1.642495e-03
1.262042e-10 6.965120e-13 1.820295e-03 1.644837e-03
1.294820e-10 7.154872e-13 1.818092e-03 1.647244e-03
1.292026e-10 7.297957e-13 1.815560e-03 1.649681e-03
1.263055e-10 7.204156e-13 1.812607e-03 1.652110e-03
1.295481e-10 7.041395e-13 1.810274e-03 1.654472e-03
1.295668e-10 7.033331e-13 1.807868e-03 1.656750e-03
1.264283e-10 7.158756e-13 1.805990e-03 1.658921e-03
1.295175e-10 7.250843e-13 1.804121e-03 1.660964e-03
1.301625e-10 7.208706e-13 1.802625e-03 1.662844e-03
1.266560e-10 7.098944e-13 1.800766e-03 1.664529e-03
1.294462e-10 7.038765e-13 1.798606e-03 1.665998e-03
1.304191e-10 7.112945e-13 1.798121e-03 1.667241e-03
1.268217e-10 7.241911e-13 1.797020e-03 1.668256e-03
1.294375e-10 7.248698e-13 1.795835e-03 1.669015e-03
1.306848e-10 7.097527e-13 1.795090e-03 1.669513e-03
1.271777e-10 6.998001e-13 1.794822e-03 1.669759e-03
1.293035e-10 7.123180e-13 1.795453e-03 1.669752e-03
1.309897e-10 7.305966e-13 1.795171e-03 1.669478e-03
1.275283e-10 7.257263e-13 1.796143e-03 1.668922e-03
1.293220e-10 7.019326e-13 1.797381e-03 1.668112e-03
1.311191e-10 6.958798e-13 1.799223e-03 1.667071e-03
1.277074e-10 7.198515e-13 1.801528e-03 1.665815e-03
1.291314e-10 7.380323e-13 1.803311e-03 1.664367e-03
1.312229e-10 7.215627e-13 1.805943e-03 1.662715e-03
1.278240e-10 6.947947e-13 1.807558e-03 1.660913e-03
1.290916e-10 6.986736e-13 1.810132e-03 1.658983e-03
1.313911e-10 7.272809e-13 1.811979e-03 1.656929e-03
1.278175e-10 7.367322e-13 1.814846e-03 1.654772e-03
1.289611e-10 7.137093e-13 1.817489e-03 1.652587e-03
1.315717e-10 6.949227e-13 1.820490e-03 1.650397e-03
1.279544e-10 7.079384e-13 1.822489e-03 1.648233e-03
1.289601e-10 7.298103e-13 1.824908e-03 1.646130e-03
1.315069e-10 7.269301e-13 1.827051e-03 1.644130e-03
1.282346e-10 7.081886e-13 1.829143e-03 1.642249e-03
1.291622e-10 7.047218e-13 1.831169e-03 1.640525e-03
1.318047e-10 7.180859e-13 1.833547e-03 1.638961e-03
1.284338e-10 7.231033e-13 1.834451e-03 1.637591e-03
1.291630e-10 7.140591e-13 1.836066e-03 1.636423e-03
1.319397e-10 7.103151e-13 1.837739e-03 1.635445e-03
1.288572e-10 7.179395e-13 1.839258e-03 1.634686e-03
1.291415e-10 7.193235e-13 1.840108e-03 1.634191e-03
1.319178e-10 7.102068e-13 1.840550e-03 1.633962e-03
1.291339e-10 7.083087e-13 1.841428e-03 1.634020e-03
1.290340e-10 7.197373e-13 1.841191e-03 1.634365e-03
1.320038e-10 7.245871e-13 1.841422e-03 1.634982e-03
1.295042e-10 7.122651e-13 1.841123e-03 1.635854e-03
1.290875e-10 7.037258e-13 1.839868e-03 1.636954e-03
1.320090e-10 7.157089e-13 1.838680e-03 1.638293e-03
1.298817e-10 7.288918e-13 1.837442e-03 1.639875e-03
1.289127e-10 7.194591e-13 1.835432e-03 1.641640e-03
1.320066e-10 7.026275e-13 1.832816e-03 1.643575e-03
1.301749e-10 7.067678e-13 1.830872e-03 1.645665e-03
1.290339e-10 7.266003e-13 1.828994e-03 1.647874e-03
1.321854e-10 7.298641e-13 1.827658e-03 1.650179e-03
1.305466e-10 7.113141e-13 1.824862e-03 1.652563e-03
1.291215e-10 7.005225e-13 1.822378e-03 1.654964e-03
1.320058e-10 7.146315e-13 1.819788e-03 1.657352e-03
1.306089e-10 7.312881e-13 1.817427e-03 1.659696e-03
1.291361e-10 7.252079e-13 1.815583e-03 1.662022e-03
1.319471e-10 7.069107e-13 1.813175e-03 1.664260e-03
1.308916e-10 7.033739e-13 1.810839e-03 1.666364e-03
1.292199e-10 7.184767e-13 1.808663e-03 1.668287e-03
1.321264e-10 7.297476e-13 1.806773e-03 1.670011e-03
1.311664e-10 7.223595e-13 1.805938e-03 1.671527e-03
1.292354e-10 7.086232e-13 1.805092e-03 1.672832e-03
1.323152e-10 7.080882e-13 1.803865e-03 1.673925e-03
1.314606e-10 7.196283e-13 1.803377e-03 1.674780e-03
1.293578e-10 7.261986e-13 1.802194e-03 1.675398e-03
1.325884e-10 7.211801e-13 1.801910e-03 1.675740e-03
1.315548e-10 7.135528e-13 1.801448e-03 1.675808e-03
1.294140e-10 7.115963e-13 1.802068e-03 1.675608e-03
1.327691e-10 7.156901e-13 1.803241e-03 1.675144e-03
1.317547e-10 7.223424e-13 1.804197e-03 1.674433e-03
1.297332e-10 7.262323e-13 1.805735e-03 1.673452e-03
1.328458e-10 7.208047e-13 1.807000e-03 1.672256e-03
1.319689e-10 7.086829e-13 1.808697e-03 1.670847e-03
1.299838e-10 7.076884e-13 1.810515e-03 1.669220e-03
1.328214e-10 7.241424e-13 1.813048e-03 1.667438e-03
1.324066e-10 7.362859e-13 1.815551e-03 1.665509e-03
1.303213e-10 7.212312e-13 1.817941e-03 1.663466e-03
1.329299e-10 6.990964e-13 1.820239e-03 1.661335e-03
1.326893e-10 7.062507e-13 1.822398e-03 1.659191e-03
1.304252e-10 7.355759e-13 1.825012e-03 1.657019e-03
1.328700e-10 7.405359e-13 1.827796e-03 1.654853e-03
1.328798e-10 7.103733e-13 1.830198e-03 1.652739e-03
1.308726e-10 6.937512e-13 1.833094e-03 1.650713e-03
1.328284e-10 7.187805e-13 1.835047e-03 1.648821e-03
1.329106e-10 7.462444e-13 1.836719e-03 1.647075e-03
1.310996e-10 7.299462e-13 1.838493e-03 1.645477e-03
1.327683e-10 6.977146e-13 1.840946e-03 1.644056e-03
1.332036e-10 7.026554e-13 1.842574e-03 1.642855e-03
1.313093e-10 7.364673e-13 1.843917e-03 1.641885e-03
1.326934e-10 7.427199e-13 1.845268e-03 1.641178e-03
1.332459e-10 7.121703e-13 1.845918e-03 1.640743e-03
1.315779e-10 6.970192e-13 1.845794e-03 1.640593e-03
1.326791e-10 7.224240e-13 1.845662e-03 1.640703e-03
1.334874e-10 7.460468e-13 1.845680e-03 1.641061e-03
1.316283e-10 7.274478e-13 1.845370e-03 1.641683e-03
1.325664e-10 6.996013e-13 1.845112e-03 1.642565e-03
1.337191e-10 7.077549e-13 1.844434e-03 1.643682e-03
1.320204e-10 7.377794e-13 1.843647e-03 1.644997e-03
1.326217e-10 7.403668e-13 1.841466e-03 1.646488e-03
1.337875e-10 7.130931e-13 1.840122e-03 1.648186e-03
1.319339e-10 7.005290e-13 1.838243e-03 1.650051e-03
1.325947e-10 7.212081e-13 1.836670e-03 1.652068e-03
1.338954e-10 7.403717e-13 1.834625e-03 1.654183e-03
1.318396e-10 7.294744e-13 1.832696e-03 1.656367e-03
1.325110e-10 7.097541e-13 1.830848e-03 1.658599e-03
1.340668e-10 7.103127e-13 1.828643e-03 1.660859e-03
1.319351e-10 7.256140e-13 1.826323e-03 1.663106e-03
1.325813e-10 7.322411e-13 1.823908e-03 1.665316e-03
1.341633e-10 7.257620e-13 1.822017e-03 1.667473e-03
1.321679e-10 7.176900e-13 1.820487e-03 1.669535e-03
1.327143e-10 7.167861e-13 1.818443e-03 1.671467e-03
1.343021e-10 7.210566e-13 1.816994e-03 1.673256e-03
1.322879e-10 7.272584e-13 1.814906e-03 1.674886e-03
1.328920e-10 7.303579e-13 1.812978e-03 1.676349e-03
1.347126e-10 7.235713e-13 1.811660e-03 1.677594e-03
1.326319e-10 7.138731e-13 1.810728e-03 1.678637e-03
1.330234e-10 7.163442e-13 1.809695e-03 1.679425e-03
1.347442e-10 7.314146e-13 1.808687e-03 1.679927e-03
1.327337e-10 7.364488e-13 1.808501e-03 1.680187e-03
1.330080e-10 7.210525e-13 1.808122e-03 1.680166e-03
1.346216e-10 7.067548e-13 1.808661e-03 1.679870e-03
1.327011e-10 7.181458e-13 1.808741e-03 1.679330e-03
1.332135e-10 7.405333e-13 1.809516e-03 1.678515e-03
1.347837e-10 7.380674e-13 1.810306e-03 1.677438e-03
1.329830e-10 7.124871e-13 1.812113e-03 1.676167e-03
1.332830e-10 7.030637e-13 1.813174e-03 1.674677e-03
1.346225e-10 7.250695e-13 1.815022e-03 1.672997e-03
1.332691e-10 7.448615e-13 1.816788e-03 1.671168e-03
1.335519e-10 7.330424e-13 1.818940e-03 1.669204e-03
1.349996e-10 7.091221e-13 1.821213e-03 1.667115e-03
1.333882e-10 7.100248e-13 1.823524e-03 1.664925e-03
1.339024e-10 7.320319e-13 1.825821e-03 1.662679e-03
1.353078e-10 7.393366e-13 1.828378e-03 1.660415e-03
1.335563e-10 7.245417e-13 1.831732e-03 1.658173e-03
1.338681e-10 7.141117e-13 1.834345e-03 1.655977e-03
1.355814e-10 7.222880e-13 1.836656e-03 1.653831e-03
1.337967e-10 7.305882e-13 1.839131e-03 1.651784e-03
1.338448e-10 7.260801e-13 1.841662e-03 1.649884e-03
1.357563e-10 7.206227e-13 1.843756e-03 1.648160e-03
1.339736e-10 7.256068e-13 1.845708e-03 1.646631e-03
1.337484e-10 7.298939e-13 1.846304e-03 1.645295e-03
1.358212e-10 7.231318e-13 1.847429e-03 1.644184e-03
1.341415e-10 7.174928e-13 1.848560e-03 1.643320e-03
1.338073e-10 7.259136e-13 1.849792e-03 1.642707e-03
1.359930e-10 7.349682e-13 1.850111e-03 1.642385e-03
1.342967e-10 7.276622e-13 1.850783e-03 1.642333e-03
1.338492e-10 7.138944e-13 1.850935e-03 1.642554e-03
1.358863e-10 7.181916e-13 1.850197e-03 1.643039e-03
1.343808e-10 7.349218e-13 1.849767e-03 1.643759e-03
1.337064e-10 7.363817e-13 1.848777e-03 1.644748e-03
1.357930e-10 7.179519e-13 1.847455e-03 1.645990e-03
1.345813e-10 7.104113e-13 1.845910e-03 1.647454e-03
1.336620e-10 7.282925e-13 1.844536e-03 1.649133e-03
1.359107e-10 7.425337e-13 1.843119e-03 1.650992e-03
1.347414e-10 7.294381e-13 1.840535e-03 1.653021e-03
1.338333e-10 7.094852e-13 1.838293e-03 1.655183e-03
1.360169e-10 7.155874e-13 1.836062e-03 1.657444e-03
1.350710e-10 7.381924e-13 1.833888e-03 1.659779e-03
1.338596e-10 7.424042e-13 1.831651e-03 1.662135e-03
1.361605e-10 7.216453e-13 1.829039e-03 1.664495e-03
1.351016e-10 7.088394e-13 1.826468e-03 1.666812e-03
1.340315e-10 7.221881e-13 1.823700e-03 1.669075e-03
1.362629e-10 7.405471e-13 1.821565e-03 1.671249e-03
1.353126e-10 7.372655e-13 1.818845e-03 1.673288e-03
1.341342e-10 7.188346e-13 1.816690e-03 1.675168e-03
1.362025e-10 7.122865e-13 1.815200e-03 1.676862e-03
1.355357e-10 7.258359e-13 1.813872e-03 1.678332e-03
1.345897e-10 7.399042e-13 1.812343e-03 1.679573e-03
1.361959e-10 7.353274e-13 1.811508e-03 1.680576e-03
1.356946e-10 7.204208e-13 1.810940e-03 1.681331e-03
1.350042e-10 7.152710e-13 1.810525e-03 1.681862e-03
1.364625e-10 7.255899e-13 1.809651e-03 1.682122e-03
1.358601e-10 7.371400e-13 1.809423e-03 1.682090e-03
1.350374e-10 7.366589e-13 1.809963e-03 1.681792e-03
1.365352e-10 7.250485e-13 1.810761e-03 1.681227e-03
1.359166e-10 7.164766e-13 1.811573e-03 1.680401e-03
1.349014e-10 7.211165e-13 1.812896e-03 1.679308e-03
1.365781e-10 7.361816e-13 1.815091e-03 1.677985e-03
1.360816e-10 7.426429e-13 1.816897e-03 1.676481e-03
1.349515e-10 7.298163e-13 1.818624e-03 1.674795e-03
1.364997e-10 7.122116e-13 1.820489e-03 1.672925e-03
1.361375e-10 7.163956e-13 1.823228e-03 1.670909e-03
1.349996e-10 7.407560e-13 1.825288e-03 1.668778e-03
1.366126e-10 7.494682e-13 1.827670e-03 1.666599e-03
1.362797e-10 7.266978e-13 1.830198e-03 1.664405e-03
1.349756e-10 7.052155e-13 1.832458e-03 1.662203e-03
1.370706e-10 7.214809e-13 1.835191e-03 1.660014e-03
1.368288e-10 7.510396e-13 1.838014e-03 1.657910e-03
1.349902e-10 7.463256e-13 1.840439e-03 1.655902e-03
1.373563e-10 7.126619e-13 1.842418e-03 1.654001e-03
1.369313e-10 7.055430e-13 1.844253e-03 1.652256e-03
1.347670e-10 7.378353e-13 1.845677e-03 1.650687e-03
1.373284e-10 7.557953e-13 1.847082e-03 1.649317e-03
1.371924e-10 7.298974e-13 1.848015e-03 1.648152e-03
1.348087e-10 7.027069e-13 1.849465e-03 1.647221e-03
1.371201e-10 7.213311e-13 1.850605e-03 1.646550e-03
1.374383e-10 7.540314e-13 1.850954e-03 1.646140e-03
1.347740e-10 7.468354e-13 1.851839e-03 1.645990e-03
1.372066e-10 7.101379e-13 1.851946e-03 1.646105e-03
1.374743e-10 7.056061e-13 1.852352e-03 1.646503e-03
1.344887e-10 7.413521e-13 1.852055e-03 1.647162e-03
1.372458e-10 7.595564e-13 1.851183e-03 1.648100e-03
1.379390e-10 7.316400e-13 1.850519e-03 1.649256e-03
1.347953e-10 7.032533e-13 1.849128e-03 1.650639e-03
1.372479e-10 7.193868e-13 1.847497e-03 1.652205e-03
1.381286e-10 7.521485e-13 1.846184e-03 1.653948e-03
1.348890e-10 7.504957e-13 1.844398e-03 1.655856e-03
1.372130e-10 7.204478e-13 1.842932e-03 1.657909e-03
1.384756e-10 7.110215e-13 1.840517e-03 1.660089e-03
1.350002e-10 7.323466e-13 1.838219e-03 1.662337e-03
1.374606e-10 7.479065e-13 1.835962e-03 1.664649e-03
1.387469e-10 7.372353e-13 1.834011e-03 1.666969e-03
1.350520e-10 7.218162e-13 1.831744e-03 1.669278e-03
1.373752e-10 7.233470e-13 1.829736e-03 1.671550e-03
1.390366e-10 7.338367e-13 1.827614e-03 1.673743e-03
1.351676e-10 7.376089e-13 1.824592e-03 1.675840e-03
1.371428e-10 7.346679e-13 1.822334e-03 1.677791e-03
1.391707e-10 7.317138e-13 1.820964e-03 1.679598e-03
1.353767e-10 7.286485e-13 1.819295e-03 1.681209e-03
1.369333e-10 7.272897e-13 1.818271e-03 1.682611e-03
1.392659e-10 7.334958e-13 1.816574e-03 1.683774e-03
1.354187e-10 7.419386e-13 1.816292e-03 1.684698e-03
1.367630e-10 7.372747e-13 1.815241e-03 1.685382e-03
1.394269e-10 7.222181e-13 1.815130e-03 1.685816e-03
1.355187e-10 7.210055e-13 1.814639e-03 1.686008e-03
1.368338e-10 7.390801e-13 1.814681e-03 1.685948e-03
1.396853e-10 7.510699e-13 1.815137e-03 1.685630e-03
1.356917e-10 7.357620e-13 1.815855e-03 1.685073e-03
1.367420e-10 7.155922e-13 1.817619e-03 1.684266e-03
1.399642e-10 7.219084e-13 1.819171e-03 1.683227e-03
1.359353e-10 7.466889e-13 1.820859e-03 1.681993e-03
1.368520e-10 7.523241e-13 1.822898e-03 1.680591e-03
1.401396e-10 7.305994e-13 1.824694e-03 1.679019e-03
1.361292e-10 7.155571e-13 1.827190e-03 1.677316e-03
1.367521e-10 7.290270e-13 1.828885e-03 1.675497e-03
1.405456e-10 7.485443e-13 1.831348e-03 1.673581e-03
1.365139e-10 7.447218e-13 1.833986e-03 1.671620e-03
1.367838e-10 7.270198e-13 1.836234e-03 1.669618e-03
1.406252e-10 7.240783e-13 1.839046e-03 1.667610e-03
1.367607e-10 7.370162e-13 1.841044e-03 1.665625e-03
1.367908e-10 7.426809e-13 1.843774e-03 1.663699e-03
1.407275e-10 7.350546e-13 1.845958e-03 1.661855e-03
1.372081e-10 7.299898e-13 1.848471e-03 1.660102e-03
1.368041e-10 7.343514e-13 1.850184e-03 1.658483e-03
1.410400e-10 7.379131e-13 1.852077e-03 1.657024e-03
1.374651e-10 7.342774e-13 1.853792e-03 1.655759e-03
1.366466e-10 7.326020e-13 1.855254e-03 1.654696e-03
1.411076e-10 7.375745e-13 1.856235e-03 1.653846e-03
1.376384e-10 7.389336e-13 1.857146e-03 1.653230e-03
1.366674e-10 7.324317e-13 1.857714e-03 1.652870e-03
1.413254e-10 7.296705e-13 1.857806e-03 1.652757e-03
1.379206e-10 7.384602e-13 1.858433e-03 1.652881e-03
1.367260e-10 7.445206e-13 1.858156e-03 1.653272e-03
1.412102e-10 7.355681e-13 1.857605e-03 1.653911e-03
1.381728e-10 7.250825e-13 1.856822e-03 1.654806e-03
1.368968e-10 7.326672e-13 1.856298e-03 1.655918e-03
1.413467e-10 7.484391e-13 1.855131e-03 1.657248e-03
1.387135e-10 7.453218e-13 1.853812e-03 1.658763e-03
1.369378e-10 7.256843e-13 1.852065e-03 1.660475e-03
1.413504e-10 7.209051e-13 1.850660e-03 1.662331e-03
1.389095e-10 7.411485e-13 1.848241e-03 1.664317e-03
1.367782e-10 7.545656e-13 1.846418e-03 1.666390e-03
1.412424e-10 7.394353e-13 1.844476e-03 1.668533e-03
1.393416e-10 7.179163e-13 1.842556e-03 1.670723e-03
1.368770e-10 7.240904e-13 1.840053e-03 1.672913e-03
1.413153e-10 7.484204e-13 1.837560e-03 1.675070e-03
1.398080e-10 7.536314e-13 1.835287e-03 1.677163e-03
1.372855e-10 7.323940e-13 1.832990e-03 1.679198e-03
1.415592e-10 7.173849e-13 1.830776e-03 1.681130e-03
1.399351e-10 7.308707e-13 1.828195e-03 1.682910e-03
1.371852e-10 7.516050e-13 1.826763e-03 1.684534e-03
1.416528e-10 7.507736e-13 1.825354e-03 1.685962e-03
1.401974e-10 7.305450e-13 1.824235e-03 1.687187e-03
1.373653e-10 7.207735e-13 1.822706e-03 1.688184e-03
1.414583e-10 7.336409e-13 1.821830e-03 1.688939e-03
1.403057e-10 7.507795e-13 1.821175e-03 1.689471e-03
1.376495e-10 7.492267e-13 1.821073e-03 1.689755e-03
1.414448e-10 7.332034e-13 1.820983e-03 1.689794e-03
1.404320e-10 7.235836e-13 1.821529e-03 1.689577e-03
1.377027e-10 7.327313e-13 1.821463e-03 1.689107e-03
1.415460e-10 7.481467e-13 1.821853e-03 1.688390e-03
1.404952e-10 7.501173e-13 1.822341e-03 1.687431e-03
1.377501e-10 7.368760e-13 1.823459e-03 1.686236e-03
1.416911e-10 7.257036e-13 1.824844e-03 1.684829e-03
1.408234e-10 7.313006e-13 1.826993e-03 1.683236e-03
1.378660e-10 7.456514e-13 1.829164e-03 1.681479e-03
1.416875e-10 7.508698e-13 1.831388e-03 1.679582e-03
1.410634e-10 7.379132e-13 1.833391e-03 1.677570e-03
1.380575e-10 7.250057e-13 1.835914e-03 1.675468e-03
1.416415e-10 7.311238e-13 1.838295e-03 1.673314e-03
1.413023e-10 7.494670e-13 1.840489e-03 1.671151e-03
1.381613e-10 7.510099e-13 1.842986e-03 1.668990e-03
1.415530e-10 7.325345e-13 1.845551e-03 1.666886e-03
1.417450e-10 7.235391e-13 1.847728e-03 1.664860e-03
1.381704e-10 7.398913e-13 1.849924e-03 1.662918e-03
1.414539e-10 7.557581e-13 1.852278e-03 1.661099e-03
1.417643e-10 7.415836e-13 1.853930e-03 1.659443e-03
1.382752e-10 7.207865e-13 1.855518e-03 1.657977e-03
1.413766e-10 7.296479e-13 1.857572e-03 1.656705e-03
1.419782e-10 7.569313e-13 1.859721e-03 1.655641e-03
1.383933e-10 7.556315e-13 1.860988e-03 1.654811e-03
1.413863e-10 7.244464e-13 1.861331e-03 1.654259e-03
1.422695e-10 7.140765e-13 1.861786e-03 1.653999e-03
1.384493e-10 7.453382e-13 1.862239e-03 1.654034e-03
1.410669e-10 7.701304e-13 1.862417e-03 1.654331e-03
1.423575e-10 7.452092e-13 1.862299e-03 1.654910e-03
1.386460e-10 7.088565e-13 1.861479e-03 1.655751e-03
1.411012e-10 7.190580e-13 1.860565e-03 1.656848e-03
1.427156e-10 7.615087e-13 1.859396e-03 1.658198e-03
1.388975e-10 7.686864e-13 1.858278e-03 1.659781e-03
1.409122e-10 7.308796e-13 1.856787e-03 1.661580e-03
1.430538e-10 7.081323e-13 1.855055e-03 1.663550e-03
1.389366e-10 7.338772e-13 1.853200e-03 1.665688e-03
1.407085e-10 7.649705e-13 1.850638e-03 1.667941e-03
1.433705e-10 7.543570e-13 1.848541e-03 1.670270e-03
1.391119e-10 7.245274e-13 1.846314e-03 1.672659e-03
1.407293e-10 7.222151e-13 1.843797e-03 1.675054e-03
1.435958e-10 7.452623e-13 1.841793e-03 1.677428e-03
1.391466e-10 7.541527e-13 1.839556e-03 1.679755e-03
1.405268e-10 7.412699e-13 1.837099e-03 1.682007e-03
1.438178e-10 7.320342e-13 1.834758e-03 1.684148e-03
1.392372e-10 7.371946e-13 1.832207e-03 1.686161e-03
1.405321e-10 7.418337e-13 1.830906e-03 1.688029e-03
1.442867e-10 7.403738e-13 1.828491e-03 1.689707e-03
1.394241e-10 7.427260e-13 1.826757e-03 1.691180e-03
1.403071e-10 7.465083e-13 1.825401e-03 1.692419e-03
1.444663e-10 7.395136e-13 1.824447e-03 1.693408e-03
1.398950e-10 7.289433e-13 1.823638e-03 1.694138e-03
1.404131e-10 7.364911e-13 1.822981e-03 1.694608e-03
1.446417e-10 7.541846e-13 1.822460e-03 1.694819e-03
1.401503e-10 7.532033e-13 1.822919e-03 1.694742e-03
1.402157e-10 7.313173e-13 1.823441e-03 1.694407e-03
1.448072e-10 7.224706e-13 1.824381e-03 1.693789e-03
1.402987e-10 7.423071e-13 1.825594e-03 1.692893e-03
1.400852e-10 7.613924e-13 1.827280e-03 1.691764e-03
1.448279e-10 7.505377e-13 1.828539e-03 1.690406e-03
1.405149e-10 7.266393e-13 1.830950e-03 1.688853e-03
1.400581e-10 7.265601e-13 1.833163e-03 1.687134e-03
1.449743e-10 7.486660e-13 1.835269e-03 1.685274e-03
1.407708e-10 7.588690e-13 1.838071e-03 1.683293e-03
1.400598e-10 7.439010e-13 1.839975e-03 1.681229e-03
1.452388e-10 7.284250e-13 1.842743e-03 1.679111e-03
1.409262e-10 7.344216e-13 1.844940e-03 1.676961e-03
1.398982e-10 7.491803e-13 1.847841e-03 1.674827e-03
1.451046e-10 7.503819e-13 1.850444e-03 1.672721e-03
1.411309e-10 7.398274e-13 1.853323e-03 1.670685e-03
1.397411e-10 7.352014e-13 1.855540e-03 1.668731e-03
1.453003e-10 7.406515e-13 1.857698e-03 1.666901e-03
1.414798e-10 7.449403e-13 1.859742e-03 1.665216e-03
1.396128e-10 7.435914e-13 1.861209e-03 1.663693e-03
1.455300e-10 7.417155e-13 1.862665e-03 1.662362e-03
1.419232e-10 7.417203e-13 1.863915e-03 1.661233e-03
1.395025e-10 7.398187e-13 1.865222e-03 1.660329e-03
1.455555e-10 7.392852e-13 1.865693e-03 1.659661e-03
1.421863e-10 7.443603e-13 1.866501e-03 1.659278e-03
1.393546e-10 7.490873e-13 1.867469e-03 1.659176e-03
1.456349e-10 7.433639e-13 1.867539e-03 1.659341e-03
1.424325e-10 7.335430e-13 1.867392e-03 1.659775e-03
1.391417e-10 7.371731e-13 1.866817e-03 1.660450e-03
1.457958e-10 7.518916e-13 1.866172e-03 1.661373e-03
1.430055e-10 7.554936e-13 1.865332e-03 1.662550e-03
1.390778e-10 7.381645e-13 1.864499e-03 1.663963e-03
1.456683e-10 7.253409e-13 1.862322e-03 1.665565e-03
1.434848e-10 7.399987e-13 1.860685e-03 1.667361e-03
1.391724e-10 7.632475e-13 1.859359e-03 1.669344e-03
1.455937e-10 7.574673e-13 1.856856e-03 1.671448e-03
1.439109e-10 7.296754e-13 1.854194e-03 1.673653e-03
1.392121e-10 7.231825e-13 1.851736e-03 1.675919e-03
1.454824e-10 7.494563e-13 1.848874e-03 1.678197e-03
1.442407e-10 7.685875e-13 1.846301e-03 1.680495e-03
1.392292e-10 7.498919e-13 1.843731e-03 1.682769e-03
1.455257e-10 7.220984e-13 1.841133e-03 1.684983e-03
1.446547e-10 7.284781e-13 1.838662e-03 1.687085e-03
1.394021e-10 7.591006e-13 1.835936e-03 1.689057e-03
1.454800e-10 7.663469e-13 1.834152e-03 1.690877e-03
1.451278e-10 7.410608e-13 1.832292e-03 1.692501e-03
1.394604e-10 7.221881e-13 1.830319e-03 1.693932e-03
1.452329e-10 7.370767e-13 1.828301e-03 1.695110e-03
1.455053e-10 7.604584e-13 1.827428e-03 1.696037e-03
1.395541e-10 7.592507e-13 1.826207e-03 1.696709e-03
1.450841e-10 7.382804e-13 1.825210e-03 1.697095e-03
1.459091e-10 7.288045e-13 1.824878e-03 1.697203e-03
1.396929e-10 7.403237e-13 1.824994e-03 1.697037e-03
1.447694e-10 7.538567e-13 1.825275e-03 1.696584e-03
1.462228e-10 7.536555e-13 1.826175e-03 1.695869e-03
1.399363e-10 7.433079e-13 1.827021e-03 1.694883e-03
1.445455e-10 7.357818e-13 1.828232e-03 1.693637e-03
1.467501e-10 7.382824e-13 1.829030e-03 1.692154e-03
1.400732e-10 7.480152e-13 1.831184e-03 1.690443e-03
1.441041e-10 7.536755e-13 1.833271e-03 1.688552e-03
1.471840e-10 7.484361e-13 1.835602e-03 1.686473e-03
1.405544e-10 7.373282e-13 1.838424e-03 1.684256e-03
1.439707e-10 7.365854e-13 1.841229e-03 1.681927e-03
1.474620e-10 7.483340e-13 1.843600e-03 1.679562e-03
1.408568e-10 7.553447e-13 1.845833e-03 1.677197e-03
1.439639e-10 7.467044e-13 1.848877e-03 1.674837e-03
1.476711e-10 7.358602e-13 1.851856e-03 1.672538e-03
1.410115e-10 7.418207e-13 1.854449e-03 1.670317e-03
1.439424e-10 7.548150e-13 1.856860e-03 1.668202e-03
1.478520e-10 7.529447e-13 1.858911e-03 1.666236e-03
1.411800e-10 7.369151e-13 1.860903e-03 1.664437e-03
1.438741e-10 7.355979e-13 1.863222e-03 1.662835e-03
1.480183e-10 7.545865e-13 1.864452e-03 1.661428e-03
1.416381e-10 7.622962e-13 1.866245e-03 1.660256e-03
1.437200e-10 7.414448e-13 1.867790e-03 1.659337e-03
1.481656e-10 7.248609e-13 1.868437e-03 1.658690e-03
1.421897e-10 7.444661e-13 1.869257e-03 1.658326e-03
1.435251e-10 7.719535e-13 1.870062e-03 1.658266e-03
1.482075e-10 7.620500e-13 1.870369e-03 1.658493e-03
1.425012e-10 7.255317e-13 1.870060e-03 1.659024e-03
1.434560e-10 7.212226e-13 1.869336e-03 1.659852e-03
1.483769e-10 7.588725e-13 1.868262e-03 1.660948e-03
1.429663e-10 7.801941e-13 1.867311e-03 1.662313e-03
1.433729e-10 7.503107e-13 1.865849e-03 1.663908e-03
1.486125e-10 7.154683e-13 1.863968e-03 1.665730e-03
1.434610e-10 7.308791e-13 1.862226e-03 1.667727e-03
1.432356e-10 7.708546e-13 1.860655e-03 1.669892e-03
1.487023e-10 7.727555e-13 1.858370e-03 1.672194e-03
1.438784e-10 7.361903e-13 1.856282e-03 1.674613e-03
1.431967e-10 7.207050e-13 1.853450e-03 1.677100e-03
1.488253e-10 7.471577e-13 1.850671e-03 1.679641e-03
1.443300e-10 7.699768e-13 1.848023e-03 1.682187e-03
1.430106e-10 7.562116e-13 1.845633e-03 1.684711e-03
1.489372e-10 7.340411e-13 1.843106e-03 1.687158e-03
1.448719e-10 7.377974e-13 1.840964e-03 1.689488e-03
1.428452e-10 7.538825e-13 1.838347e-03 1.691681e-03
1.490215e-10 7.545024e-13 1.836465e-03 1.693693e-03
1.453939e-10 7.453649e-13 1.834042e-03 1.695507e-03
1.429843e-10 7.463940e-13 1.832377e-03 1.697111e-03
1.490109e-10 7.510133e-13 1.830706e-03 1.698461e-03
1.455870e-10 7.457895e-13 1.829191e-03 1.699577e-03
1.429155e-10 7.411622e-13 1.828071e-03 1.700381e-03
1.490457e-10 7.516874e-13 1.827168e-03 1.700913e-03
1.459108e-10 7.605592e-13 1.826860e-03 1.701157e-03
1.426582e-10 7.486202e-13 1.826370e-03 1.701107e-03
1.490000e-10 7.319202e-13 1.826589e-03 1.700776e-03
1.462677e-10 7.394272e-13 1.827520e-03 1.700148e-03
1.427173e-10 7.622423e-13 1.828288e-03 1.699238e-03
1.490522e-10 7.639030e-13 1.829503e-03 1.698057e-03
1.464079e-10 7.407220e-13 1.831622e-03 1.696624e-03
1.426577e-10 7.287379e-13 1.833438e-03 1.694934e-03
1.488925e-10 7.467236e-13 1.835920e-03 1.693042e-03
1.466170e-10 7.659492e-13 1.838248e-03 1.690973e-03
1.426098e-10 7.576239e-13 1.840946e-03 1.688748e-03
1.487750e-10 7.364518e-13 1.843538e-03 1.686411e-03
1.469835e-10 7.349523e-13 1.846654e-03 1.683982e-03
1.425135e-10 7.525048e-13 1.849349e-03 1.681532e-03
1.486231e-10 7.612723e-13 1.852037e-03 1.679088e-03
